1 100
2 46
3 99
4 70
5 21
6 45
7 76
8 51
9 76
10 46
11 80
12 50
13 76
14 50
15 43
16 80
17 79
18 48
19 77
20 51
21 78
22 49
23 75
24 70
25 25
26 24
27 76
28 50
29 39
30 79
31 78
32 75
33 43
34 48
35 76
36 48
37 89
38 46
39 74
40 48
41 77
42 51
43 74
44 72
45 23
46 50
47 76
48 26
49 77
50 49
51 59
52 68
53 70
54 48
55 66
56 48
57 67
58 51
59 68
60 49
61 65
62 51
63 57
64 71
65 68
66 50
67 65
68 40
69 66
70 46
71 81
72 35
73 10
74 82
75 29
76 70
77 66
78 51
79 61
80 51
81 63
82 51
83 70
84 48
85 68
86 49
87 36
88 80
89 71
90 46
91 67
92 47
93 70
94 49
95 67
96 50
97 63
98 50
99 35
100 89
101 69
102 47
103 68
104 47
105 69
106 51
107 67
108 50
109 68
110 67
111 40
112 48
113 78
114 48
115 74
116 50
117 39
118 80
119 75
120 47
121 45
122 92
123 75
124 72
125 46
126 26
127 77
128 28
129 80
130 50
131 79
132 42
133 75
134 50
135 48
136 77
137 89
138 49
139 78
140 48
141 78
142 51
143 75
144 75
145 42
146 24
147 74
148 48
149 75
150 88
151 44
152 74
153 48
154 78
155 50
156 50
157 75
158 48
159 74
160 25
161 78
162 68
163 49
164 23
165 80
166 48
167 75
168 51
169 74
170 75
171 48
172 76
173 48
174 46
175 75
176 51
177 74
178 38
179 72
180 18
181 52
182 65
183 92
184 50
185 74
186 89
187 41
188 50
189 75
190 50
191 80
192 46
193 75
194 48
195 75
196 47
197 77
198 70
199 40
200 47
201 77
202 48
203 75
204 77
205 46
206 74
207 41
208 77
209 45
210 26
211 77
212 24
213 36
214 74
215 98
216 46
217 76
218 46
219 77
220 50
221 77
222 49
223 76
224 70
225 23
226 48
227 78
228 48
229 75
230 47
231 75
232 46
233 43
234 79
235 79
236 49
237 62
238 48
239 60
240 71
241 69
242 48
243 67
244 49
245 69
246 41
247 66
248 50
249 65
250 51
251 55
252 71
253 68
254 43
255 57
256 65
257 59
258 66
259 61
260 43
261 70
262 41
263 68
264 42
265 29
266 70
267 62
268 45
269 59
270 71
271 60
272 67
273 64
274 36
275 71
276 44
277 71
278 45
279 62
280 49
281 62
282 50
283 61
284 51
285 35
286 81
287 69
288 42
289 68
290 51
291 69
292 50
293 61
294 51
295 66
296 49
297 61
298 51
299 32
300 81
301 69
302 50
303 68
304 50
305 69
306 51
307 66
308 50
309 63
310 50
311 34
312 89
313 69
314 50
315 68
316 51
317 69
318 51
319 62
320 50
321 87
322 48
323 34
324 80
325 67
326 51
327 68
328 50
329 66
330 50
331 66
332 51
333 70
334 50
335 60
336 71
337 69
338 50
339 68
340 40
341 64
342 41
343 30
344 79
345 32
346 36
347 34
348 90
349 86
350 71
351 47
352 65
353 46
354 70
355 51
356 66
357 49
358 66
359 51
360 61
361 51
362 35
363 89
364 69
365 49
366 68
367 46
368 69
369 51
370 67
371 50
372 67
373 68
374 40
375 48
376 67
377 48
378 69
379 49
380 74
381 69
382 43
383 76
384 42
385 42
386 40
387 96
388 75
389 68
390 72
391 16
392 51
393 43
394 80
395 48
396 77
397 45
398 78
399 49
400 77
401 69
402 24
403 47
404 79
405 48
406 75
407 47
408 74
409 75
410 72
411 17
412 49
413 51
414 76
415 50
416 40
417 79
418 75
419 76
420 25
421 71
422 48
423 35
424 77
425 51
426 90
427 41
428 74
429 48
430 77
431 50
432 88
433 48
434 61
435 49
436 75
437 51
438 74
439 70
440 20
441 48
442 75
443 40
444 75
445 26
446 92
447 65
448 48
449 48
450 77
451 78
452 42
453 51
454 74
455 45
456 80
457 51
458 74
459 48
460 77
461 71
462 39
463 50
464 75
465 64
466 46
467 71
468 38
469 48
470 77
471 45
472 80
473 47
474 76
475 46
476 76
477 50
478 55
479 80
480 70
481 50
482 68
483 48
484 69
485 50
486 66
487 51
488 32
489 88
490 36
491 52
492 62
493 92
494 66
495 49
496 35
497 78
498 70
499 49
500 68
501 45
502 67
503 51
504 68
505 48
506 67
507 50
508 35
509 80
510 67
511 51
512 80
513 48
514 69
515 51
516 68
517 49
518 67
519 51
520 34
521 80
522 67
523 51
524 80
525 48
526 69
527 51
528 68
529 50
530 69
531 50
532 19
533 80
534 66
535 51
536 68
537 50
538 69
539 51
540 84
541 50
542 86
543 69
544 20
545 48
546 65
547 50
548 65
549 51
550 65
551 50
552 66
553 49
554 68
555 70
556 40
557 48
558 78
559 48
560 75
561 47
562 74
563 68
564 42
565 76
566 42
567 26
568 40
569 89
570 75
571 50
572 61
573 46
574 80
575 46
576 77
577 49
578 76
579 49
580 44
581 79
582 79
583 47
584 77
585 50
586 75
587 51
588 86
589 68
590 20
591 46
592 74
593 48
594 60
595 71
596 66
597 47
598 66
599 47
600 71
601 49
602 67
603 49
604 65
605 51
606 60
607 71
608 68
609 43
610 65
611 40
612 61
613 41
614 33
615 76
616 31
617 50
618 70
619 87
620 60
621 69
622 68
623 42
624 71
625 49
626 70
627 49
628 62
629 50
630 61
631 51
632 61
633 51
634 35
635 81
636 69
637 42
638 68
639 50
640 70
641 50
642 67
643 50
644 36
645 78
646 37
647 45
648 62
649 92
650 41
651 79
652 45
653 77
654 50
655 74
656 70
657 41
658 45
659 78
660 48
661 74
662 47
663 75
664 85
665 23
666 76
667 24
668 42
669 44
670 96
671 75
672 74
673 42
674 45
675 80
676 50
677 79
678 46
679 77
680 49
681 76
682 69
683 41
684 45
685 78
686 48
687 75
688 50
689 75
690 69
691 38
692 76
693 49
694 48
695 75
696 76
697 35
698 49
699 76
700 24
701 80
702 45
703 80
704 50
705 74
706 49
707 75
708 70
709 40
710 46
711 77
712 48
713 75
714 47
715 76
716 65
717 46
718 77
719 42
720 43
721 61
722 51
723 75
724 69
725 72
726 17
727 50
728 37
729 77
730 51
731 60
732 67
733 61
734 48
735 70
736 51
737 70
738 47
739 70
740 49
741 66
742 50
743 34
744 80
745 68
746 49
747 65
748 51
749 67
750 50
751 84
752 50
753 86
754 68
755 23
756 48
757 66
758 51
759 61
760 51
761 35
762 80
763 67
764 47
765 66
766 51
767 70
768 48
769 70
770 50
771 68
772 51
773 65
774 51
775 34
776 80
777 68
778 50
779 66
780 50
781 87
782 50
783 84
784 69
785 42
786 42
787 74
788 51
789 65
790 50
791 35
792 80
793 68
794 49
795 66
796 50
797 79
798 49
799 78
800 50
801 78
802 69
803 40
804 47
805 75
806 51
807 74
808 41
809 17
810 94
811 75
812 71
813 60
814 51
815 63
816 50
817 63
818 51
819 71
820 45
821 66
822 50
823 65
824 51
825 65
826 51
827 60
828 71
829 68
830 43
831 65
832 50
833 64
834 41
835 58
836 67
837 62
838 45
839 29
840 65
841 56
842 71
843 69
844 47
845 70
846 48
847 68
848 50
849 63
850 49
851 60
852 70
853 69
854 43
855 62
856 40
857 58
858 64
859 57
860 66
861 65
862 39
863 64
864 46
865 66
866 38
867 62
868 42
869 29
870 76
871 62
872 51
873 61
874 51
875 63
876 51
877 58
878 71
879 71
880 38
881 66
882 50
883 62
884 49
885 68
886 42
887 59
888 63
889 62
890 48
891 57
892 67
893 56
894 70
895 61
896 44
897 68
898 37
899 62
900 44
901 61
902 46
903 55
904 66
905 66
906 44
907 29
908 64
909 56
910 70
911 60
912 71
913 71
914 36
915 68
916 51
917 61
918 50
919 62
920 49
921 62
922 50
923 61
924 51
925 61
926 51
927 31
928 81
929 69
930 50
931 68
932 50
933 69
934 51
935 62
936 51
937 63
938 50
939 35
940 81
941 69
942 49
943 68
944 49
945 67
946 51
947 68
948 50
949 37
950 41
951 87
952 92
953 62
954 51
955 63
956 51
957 36
958 71
959 70
960 48
961 65
962 47
963 68
964 50
965 69
966 49
967 67
968 51
969 65
970 51
971 60
972 71
973 68
974 43
975 65
976 48
977 64
978 41
979 78
980 35
981 13
982 87
983 27
984 83
985 78
986 48
987 37
988 86
989 87
990 45
991 87
992 49
993 71
994 46
995 65
996 50
997 66
998 50
999 66
1000 50
1001 66
1002 69
1003 40
1004 48
1005 69
1006 47
1007 65
1008 47
1009 76
1010 50
1011 42
1012 80
1013 79
1014 50
1015 77
1016 50
1017 78
1018 51
1019 67
1020 49
1021 43
1022 62
1023 67
1024 51
1025 66
1026 51
1027 62
1028 50
1029 66
1030 51
1031 66
1032 67
1033 18
1034 43
1035 65
1036 44
1037 35
1038 94
1039 87
1040 75
1041 39
1042 38
1043 77
1044 76
1045 51
1046 48
1047 74
1048 37
1049 80
1050 49
1051 76
1052 48
1053 75
1054 72
1055 37
1056 48
1057 75
1058 26
1059 77
1060 74
1061 47
1062 51
1063 66
1064 49
1065 76
1066 26
1067 78
1068 42
1069 75
1070 43
1071 45
1072 80
1073 75
1074 51
1075 39
1076 79
1077 75
1078 72
1079 49
1080 23
1081 76
1082 38
1083 80
1084 51
1085 78
1086 48
1087 75
1088 50
1089 64
1090 49
1091 64
1092 50
1093 39
1094 88
1095 77
1096 49
1097 85
1098 48
1099 75
1100 51
1101 75
1102 50
1103 43
1104 62
1105 76
1106 51
1107 36
1108 42
1109 63
1110 87
1111 68
1112 51
1113 70
1114 46
1115 65
1116 50
1117 70
1118 51
1119 65
1120 50
1121 57
1122 71
1123 66
1124 50
1125 68
1126 40
1127 69
1128 47
1129 34
1130 79
1131 65
1132 51
1133 62
1134 51
1135 60
1136 71
1137 69
1138 51
1139 67
1140 50
1141 69
1142 41
1143 66
1144 50
1145 55
1146 70
1147 61
1148 51
1149 62
1150 51
1151 63
1152 47
1153 58
1154 70
1155 62
1156 43
1157 60
1158 65
1159 55
1160 69
1161 59
1162 63
1163 65
1164 42
1165 71
1166 39
1167 67
1168 45
1169 59
1170 65
1171 62
1172 42
1173 56
1174 69
1175 55
1176 71
1177 66
1178 34
1179 66
1180 46
1181 66
1182 45
1183 63
1184 46
1185 33
1186 80
1187 66
1188 45
1189 62
1190 51
1191 63
1192 51
1193 62
1194 51
1195 66
1196 46
1197 61
1198 51
1199 57
1200 71
1201 66
1202 42
1203 60
1204 65
1205 59
1206 60
1207 58
1208 66
1209 65
1210 66
1211 44
1212 59
1213 63
1214 58
1215 69
1216 57
1217 59
1218 63
1219 61
1220 58
1221 65
1222 60
1223 59
1224 58
1225 61
1226 70
1227 57
1228 64
1229 55
1230 67
1231 62
1232 34
1233 70
1234 47
1235 60
1236 65
1237 67
1238 36
1239 60
1240 66
1241 58
1242 61
1243 55
1244 66
1245 71
1246 34
1247 70
1248 37
1249 63
1250 42
1251 60
1252 61
1253 67
1254 42
1255 56
1256 65
1257 57
1258 70
1259 66
1260 35
1261 66
1262 45
1263 66
1264 43
1265 63
1266 44
1267 29
1268 79
1269 65
1270 49
1271 60
1272 71
1273 58
1274 67
1275 59
1276 58
1277 64
1278 65
1279 38
1280 69
1281 48
1282 65
1283 49
1284 58
1285 70
1286 66
1287 39
1288 61
1289 43
1290 60
1291 67
1292 61
1293 43
1294 60
1295 65
1296 59
1297 60
1298 58
1299 66
1300 66
1301 65
1302 47
1303 59
1304 60
1305 57
1306 65
1307 64
1308 67
1309 59
1310 60
1311 60
1312 65
1313 58
1314 57
1315 70
1316 59
1317 64
1318 58
1319 67
1320 63
1321 54
1322 63
1323 61
1324 40
1325 68
1326 45
1327 65
1328 46
1329 62
1330 46
1331 29
1332 75
1333 69
1334 41
1335 62
1336 50
1337 59
1338 71
1339 57
1340 64
1341 61
1342 46
1343 66
1344 45
1345 69
1346 48
1347 63
1348 45
1349 56
1350 70
1351 64
1352 40
1353 53
1354 64
1355 56
1356 69
1357 57
1358 67
1359 66
1360 36
1361 69
1362 41
1363 63
1364 43
1365 61
1366 45
1367 32
1368 77
1369 70
1370 44
1371 62
1372 51
1373 63
1374 51
1375 62
1376 51
1377 66
1378 49
1379 61
1380 51
1381 58
1382 71
1383 66
1384 40
1385 65
1386 47
1387 57
1388 66
1389 61
1390 44
1391 57
1392 63
1393 63
1394 41
1395 60
1396 64
1397 58
1398 66
1399 60
1400 64
1401 68
1402 34
1403 69
1404 36
1405 66
1406 39
1407 33
1408 74
1409 64
1410 42
1411 56
1412 69
1413 54
1414 71
1415 64
1416 36
1417 71
1418 42
1419 66
1420 50
1421 63
1422 49
1423 62
1424 50
1425 61
1426 51
1427 61
1428 51
1429 32
1430 81
1431 70
1432 49
1433 68
1434 50
1435 69
1436 51
1437 62
1438 51
1439 63
1440 50
1441 35
1442 81
1443 69
1444 49
1445 68
1446 47
1447 69
1448 51
1449 67
1450 50
1451 37
1452 41
1453 87
1454 92
1455 62
1456 51
1457 63
1458 51
1459 36
1460 80
1461 69
1462 48
1463 65
1464 49
1465 70
1466 48
1467 70
1468 50
1469 67
1470 51
1471 65
1472 51
1473 65
1474 51
1475 34
1476 89
1477 68
1478 51
1479 60
1480 70
1481 69
1482 51
1483 71
1484 39
1485 70
1486 49
1487 59
1488 68
1489 59
1490 71
1491 64
1492 37
1493 61
1494 51
1495 70
1496 42
1497 69
1498 42
1499 58
1500 66
1501 63
1502 43
1503 62
1504 49
1505 58
1506 67
1507 57
1508 66
1509 61
1510 41
1511 64
1512 46
1513 67
1514 45
1515 62
1516 42
1517 29
1518 79
1519 65
1520 48
1521 54
1522 71
1523 63
1524 51
1525 63
1526 44
1527 71
1528 43
1529 66
1530 51
1531 67
1532 50
1533 57
1534 71
1535 66
1536 49
1537 68
1538 40
1539 57
1540 61
1541 57
1542 68
1543 58
1544 58
1545 61
1546 71
1547 38
1548 60
1549 60
1550 59
1551 69
1552 58
1553 57
1554 56
1555 68
1556 70
1557 63
1558 64
1559 55
1560 64
1561 61
1562 44
1563 65
1564 47
1565 61
1566 47
1567 58
1568 69
1569 68
1570 38
1571 61
1572 45
1573 60
1574 66
1575 61
1576 43
1577 58
1578 63
1579 59
1580 61
1581 57
1582 67
1583 63
1584 34
1585 71
1586 35
1587 63
1588 43
1589 59
1590 62
1591 67
1592 42
1593 55
1594 65
1595 56
1596 69
1597 65
1598 38
1599 66
1600 41
1601 63
1602 42
1603 63
1604 48
1605 29
1606 80
1607 66
1608 46
1609 62
1610 51
1611 63
1612 51
1613 61
1614 51
1615 66
1616 46
1617 61
1618 51
1619 57
1620 71
1621 66
1622 42
1623 60
1624 65
1625 59
1626 60
1627 58
1628 66
1629 65
1630 66
1631 44
1632 59
1633 63
1634 58
1635 69
1636 57
1637 59
1638 63
1639 61
1640 58
1641 64
1642 64
1643 35
1644 69
1645 41
1646 65
1647 42
1648 57
1649 70
1650 63
1651 36
1652 61
1653 45
1654 59
1655 66
1656 61
1657 43
1658 60
1659 65
1660 64
1661 41
1662 64
1663 40
1664 67
1665 44
1666 30
1667 83
1668 55
1669 69
1670 55
1671 69
1672 65
1673 40
1674 61
1675 49
1676 67
1677 46
1678 62
1679 50
1680 59
1681 70
1682 69
1683 39
1684 58
1685 64
1686 56
1687 71
1688 60
1689 58
1690 64
1691 65
1692 35
1693 70
1694 48
1695 65
1696 39
1697 56
1698 71
1699 63
1700 45
1701 69
1702 40
1703 58
1704 61
1705 59
1706 66
1707 55
1708 69
1709 61
1710 39
1711 62
1712 44
1713 66
1714 39
1715 63
1716 44
1717 59
1718 68
1719 64
1720 44
1721 60
1722 64
1723 56
1724 70
1725 65
1726 36
1727 71
1728 37
1729 61
1730 44
1731 58
1732 66
1733 67
1734 37
1735 53
1736 71
1737 58
1738 66
1739 58
1740 65
1741 64
1742 42
1743 69
1744 39
1745 63
1746 45
1747 59
1748 66
1749 66
1750 38
1751 55
1752 69
1753 56
1754 70
1755 62
1756 36
1757 66
1758 41
1759 67
1760 42
1761 63
1762 45
1763 28
1764 80
1765 66
1766 46
1767 62
1768 51
1769 63
1770 51
1771 62
1772 51
1773 66
1774 50
1775 61
1776 51
1777 57
1778 71
1779 66
1780 42
1781 65
1782 50
1783 64
1784 44
1785 58
1786 66
1787 62
1788 43
1789 30
1790 81
1791 56
1792 71
1793 69
1794 38
1795 67
1796 43
1797 70
1798 47
1799 63
1800 50
1801 61
1802 51
1803 61
1804 51
1805 35
1806 81
1807 69
1808 47
1809 68
1810 47
1811 67
1812 51
1813 62
1814 51
1815 63
1816 50
1817 35
1818 81
1819 69
1820 47
1821 68
1822 47
1823 66
1824 51
1825 66
1826 50
1827 63
1828 49
1829 35
1830 89
1831 69
1832 47
1833 68
1834 51
1835 67
1836 51
1837 62
1838 51
1839 87
1840 48
1841 60
1842 70
1843 67
1844 47
1845 68
1846 40
1847 59
1848 70
1849 57
1850 69
1851 61
1852 39
1853 67
1854 41
1855 67
1856 38
1857 37
1858 72
1859 62
1860 72
1861 15
1862 74
1863 45
1864 50
1865 67
1866 51
1867 71
1868 48
1869 66
1870 48
1871 63
1872 49
1873 36
1874 69
1875 71
1876 46
1877 67
1878 50
1879 66
1880 50
1881 66
1882 51
1883 37
1884 41
1885 87
1886 92
1887 61
1888 49
1889 61
1890 51
1891 37
1892 79
1893 69
1894 49
1895 66
1896 45
1897 70
1898 51
1899 70
1900 50
1901 68
1902 51
1903 65
1904 51
1905 65
1906 51
1907 34
1908 89
1909 68
1910 51
1911 68
1912 51
1913 66
1914 50
1915 80
1916 50
1917 82
1918 68
1919 23
1920 48
1921 66
1922 51
1923 65
1924 50
1925 35
1926 80
1927 66
1928 49
1929 67
1930 51
1931 70
1932 48
1933 70
1934 51
1935 67
1936 51
1937 65
1938 51
1939 29
1940 89
1941 68
1942 51
1943 60
1944 70
1945 70
1946 51
1947 71
1948 43
1949 70
1950 49
1951 59
1952 69
1953 65
1954 51
1955 62
1956 40
1957 59
1958 71
1959 65
1960 47
1961 60
1962 65
1963 59
1964 60
1965 60
1966 59
1967 70
1968 62
1969 64
1970 63
1971 36
1972 67
1973 41
1974 61
1975 48
1976 57
1977 70
1978 65
1979 35
1980 54
1981 67
1982 56
1983 70
1984 58
1985 63
1986 58
1987 63
1988 64
1989 34
1990 66
1991 45
1992 63
1993 48
1994 58
1995 69
1996 70
1997 34
1998 57
1999 65
2000 58
2001 70
2002 58
2003 56
2004 56
2005 66
2006 70
2007 62
2008 44
2009 62
2010 43
2011 60
2012 66
2013 61
2014 44
2015 60
2016 64
2017 59
2018 65
2019 57
2020 67
2021 68
2022 34
2023 71
2024 45
2025 63
2026 45
2027 57
2028 68
2029 66
2030 42
2031 61
2032 45
2033 58
2034 67
2035 61
2036 43
2037 57
2038 64
2039 63
2040 41
2041 64
2042 40
2043 67
2044 37
2045 30
2046 69
2047 55
2048 65
2049 56
2050 69
2051 61
2052 45
2053 61
2054 51
2055 66
2056 49
2057 62
2058 50
2059 59
2060 70
2061 66
2062 40
2063 67
2064 49
2065 56
2066 71
2067 57
2068 62
2069 62
2070 42
2071 63
2072 48
2073 64
2074 46
2075 63
2076 42
2077 29
2078 80
2079 66
2080 51
2081 57
2082 71
2083 63
2084 47
2085 63
2086 51
2087 71
2088 42
2089 68
2090 51
2091 59
2092 69
2093 63
2094 47
2095 63
2096 44
2097 58
2098 71
2099 57
2100 67
2101 62
2102 36
2103 65
2104 46
2105 64
2106 41
2107 66
2108 39
2109 29
2110 76
2111 62
2112 51
2113 61
2114 51
2115 63
2116 51
2117 62
2118 51
2119 66
2120 49
2121 61
2122 51
2123 60
2124 71
2125 62
2126 42
2127 57
2128 67
2129 58
2130 66
2131 59
2132 61
2133 67
2134 33
2135 63
2136 43
2137 63
2138 44
2139 59
2140 66
2141 67
2142 38
2143 56
2144 65
2145 56
2146 71
2147 66
2148 36
2149 66
2150 41
2151 67
2152 42
2153 36
2154 62
2155 67
2156 43
2157 59
2158 71
2159 56
2160 67
2161 64
2162 36
2163 71
2164 43
2165 66
2166 45
2167 63
2168 47
2169 62
2170 51
2171 61
2172 51
2173 32
2174 81
2175 70
2176 42
2177 68
2178 51
2179 70
2180 51
2181 62
2182 50
2183 66
2184 50
2185 61
2186 51
2187 31
2188 81
2189 69
2190 50
2191 68
2192 50
2193 69
2194 51
2195 68
2196 50
2197 36
2198 37
2199 87
2200 88
2201 62
2202 51
2203 63
2204 51
2205 36
2206 71
2207 70
2208 48
2209 65
2210 47
2211 70
2212 50
2213 70
2214 49
2215 67
2216 51
2217 65
2218 51
2219 60
2220 71
2221 68
2222 43
2223 60
2224 60
2225 59
2226 61
2227 61
2228 64
2229 38
2230 59
2231 60
2232 55
2233 66
2234 60
2235 66
2236 61
2237 57
2238 59
2239 67
2240 61
2241 61
2242 42
2243 62
2244 42
2245 58
2246 70
2247 63
2248 36
2249 61
2250 45
2251 64
2252 41
2253 62
2254 42
2255 55
2256 69
2257 56
2258 66
2259 61
2260 42
2261 59
2262 65
2263 67
2264 38
2265 68
2266 36
2267 65
2268 42
2269 27
2270 81
2271 62
2272 50
2273 62
2274 51
2275 62
2276 51
2277 66
2278 51
2279 63
2280 50
2281 58
2282 71
2283 67
2284 40
2285 65
2286 40
2287 61
2288 44
2289 35
2290 76
2291 61
2292 49
2293 62
2294 51
2295 62
2296 51
2297 68
2298 46
2299 63
2300 51
2301 60
2302 71
2303 69
2304 41
2305 54
2306 65
2307 59
2308 61
2309 58
2310 66
2311 62
2312 35
2313 71
2314 36
2315 61
2316 45
2317 61
2318 46
2319 56
2320 71
2321 66
2322 41
2323 61
2324 44
2325 54
2326 70
2327 58
2328 66
2329 57
2330 59
2331 65
2332 71
2333 39
2334 57
2335 71
2336 66
2337 42
2338 70
2339 39
2340 65
2341 39
2342 57
2343 62
2344 58
2345 67
2346 61
2347 41
2348 54
2349 68
2350 65
2351 39
2352 68
2353 36
2354 65
2355 39
2356 56
2357 68
2358 60
2359 67
2360 61
2361 42
2362 54
2363 71
2364 70
2365 41
2366 68
2367 36
2368 65
2369 42
2370 57
2371 68
2372 60
2373 63
2374 61
2375 39
2376 54
2377 71
2378 71
2379 33
2380 68
2381 38
2382 65
2383 39
2384 57
2385 66
2386 61
2387 47
2388 58
2389 69
2390 58
2391 67
2392 66
2393 35
2394 62
2395 44
2396 63
2397 45
2398 60
2399 70
2400 67
2401 38
2402 60
2403 65
2404 56
2405 70
2406 58
2407 54
2408 69
2409 68
2410 44
2411 68
2412 47
2413 66
2414 44
2415 58
2416 68
2417 59
2418 65
2419 63
2420 37
2421 55
2422 68
2423 69
2424 37
2425 68
2426 38
2427 65
2428 39
2429 54
2430 68
2431 59
2432 67
2433 61
2434 41
2435 54
2436 68
2437 71
2438 39
2439 68
2440 38
2441 65
2442 39
2443 55
2444 68
2445 60
2446 63
2447 64
2448 41
2449 54
2450 68
2451 71
2452 33
2453 66
2454 43
2455 65
2456 39
2457 55
2458 62
2459 60
2460 67
2461 61
2462 39
2463 54
2464 61
2465 70
2466 40
2467 68
2468 39
2469 65
2470 39
2471 54
2472 68
2473 60
2474 67
2475 61
2476 41
2477 54
2478 67
2479 71
2480 36
2481 68
2482 43
2483 65
2484 39
2485 55
2486 68
2487 60
2488 67
2489 61
2490 39
2491 54
2492 70
2493 70
2494 41
2495 68
2496 39
2497 66
2498 39
2499 55
2500 68
2501 61
2502 47
2503 62
2504 49
2505 58
2506 70
2507 61
2508 43
2509 60
2510 65
2511 64
2512 40
2513 65
2514 40
2515 65
2516 39
2517 31
2518 82
2519 56
2520 71
2521 56
2522 63
2523 68
2524 39
2525 61
2526 51
2527 71
2528 45
2529 61
2530 50
2531 62
2532 51
2533 61
2534 51
2535 58
2536 71
2537 66
2538 40
2539 69
2540 47
2541 58
2542 71
2543 63
2544 44
2545 61
2546 43
2547 65
2548 41
2549 53
2550 66
2551 62
2552 46
2553 57
2554 65
2555 56
2556 71
2557 58
2558 58
2559 66
2560 61
2561 39
2562 64
2563 47
2564 66
2565 48
2566 60
2567 66
2568 59
2569 65
2570 63
2571 37
2572 57
2573 71
2574 69
2575 35
2576 70
2577 36
2578 65
2579 39
2580 56
2581 66
2582 59
2583 66
2584 61
2585 39
2586 54
2587 71
2588 71
2589 34
2590 68
2591 36
2592 65
2593 42
2594 54
2595 66
2596 61
2597 47
2598 58
2599 69
2600 59
2601 67
2602 67
2603 35
2604 65
2605 46
2606 63
2607 45
2608 60
2609 70
2610 68
2611 38
2612 62
2613 45
2614 58
2615 67
2616 66
2617 43
2618 57
2619 66
2620 63
2621 41
2622 64
2623 44
2624 84
2625 19
2626 32
2627 67
2628 55
2629 65
2630 55
2631 71
2632 55
2633 70
2634 45
2635 62
2636 51
2637 61
2638 51
2639 61
2640 51
2641 61
2642 51
2643 58
2644 71
2645 66
2646 40
2647 68
2648 47
2649 58
2650 64
2651 64
2652 43
2653 56
2654 64
2655 58
2656 66
2657 59
2658 64
2659 69
2660 34
2661 63
2662 44
2663 60
2664 63
2665 61
2666 37
2667 54
2668 70
2669 63
2670 46
2671 64
2672 44
2673 67
2674 37
2675 60
2676 69
2677 55
2678 64
2679 55
2680 69
2681 61
2682 39
2683 62
2684 42
2685 66
2686 39
2687 61
2688 44
2689 33
2690 78
2691 66
2692 46
2693 62
2694 51
2695 63
2696 51
2697 58
2698 71
2699 71
2700 36
2701 62
2702 47
2703 61
2704 51
2705 65
2706 42
2707 62
2708 43
2709 57
2710 71
2711 65
2712 47
2713 57
2714 68
2715 56
2716 66
2717 60
2718 64
2719 67
2720 35
2721 69
2722 43
2723 61
2724 45
2725 59
2726 66
2727 66
2728 38
2729 57
2730 69
2731 56
2732 70
2733 64
2734 36
2735 66
2736 41
2737 67
2738 42
2739 60
2740 62
2741 66
2742 38
2743 54
2744 69
2745 56
2746 70
2747 62
2748 38
2749 65
2750 41
2751 63
2752 42
2753 63
2754 64
2755 38
2756 39
2757 61
2758 45
2759 54
2760 69
2761 67
2762 38
2763 58
2764 67
2765 67
2766 45
2767 67
2768 40
2769 67
2770 39
2771 56
2772 67
2773 56
2774 71
2775 61
2776 42
2777 54
2778 71
2779 65
2780 45
2781 70
2782 36
2783 65
2784 39
2785 59
2786 68
2787 60
2788 67
2789 63
2790 41
2791 54
2792 71
2793 69
2794 39
2795 68
2796 36
2797 65
2798 39
2799 57
2800 68
2801 60
2802 67
2803 61
2804 41
2805 54
2806 71
2807 70
2808 34
2809 68
2810 36
2811 65
2812 42
2813 55
2814 66
2815 62
2816 43
2817 62
2818 49
2819 57
2820 70
2821 61
2822 43
2823 60
2824 65
2825 64
2826 40
2827 64
2828 40
2829 65
2830 39
2831 31
2832 82
2833 56
2834 71
2835 62
2836 49
2837 56
2838 71
2839 69
2840 47
2841 70
2842 37
2843 68
2844 50
2845 67
2846 51
2847 61
2848 50
2849 58
2850 71
2851 66
2852 42
2853 68
2854 47
2855 62
2856 44
2857 57
2858 70
2859 64
2860 41
2861 62
2862 45
2863 28
2864 82
2865 61
2866 47
2867 57
2868 70
2869 67
2870 50
2871 63
2872 50
2873 71
2874 46
2875 67
2876 50
2877 58
2878 70
2879 62
2880 50
2881 62
2882 44
2883 63
2884 48
2885 56
2886 70
2887 63
2888 44
2889 59
2890 65
2891 54
2892 69
2893 60
2894 63
2895 65
2896 39
2897 71
2898 37
2899 65
2900 45
2901 59
2902 65
2903 62
2904 42
2905 56
2906 65
2907 58
2908 71
2909 63
2910 35
2911 70
2912 41
2913 63
2914 42
2915 59
2916 62
2917 67
2918 38
2919 55
2920 65
2921 56
2922 70
2923 62
2924 38
2925 66
2926 41
2927 67
2928 42
2929 62
2930 45
2931 29
2932 80
2933 66
2934 46
2935 57
2936 71
2937 63
2938 49
2939 63
2940 44
2941 71
2942 43
2943 58
2944 71
2945 65
2946 49
2947 62
2948 45
2949 61
2950 51
2951 68
2952 42
2953 58
2954 67
2955 54
2956 71
2957 60
2958 62
2959 59
2960 65
2961 42
2962 58
2963 71
2964 60
2965 64
2966 58
2967 62
2968 64
2969 36
2970 68
2971 48
2972 66
2973 46
2974 57
2975 67
2976 68
2977 42
2978 61
2979 45
2980 55
2981 68
2982 61
2983 38
2984 61
2985 43
2986 65
2987 41
2988 62
2989 47
2990 61
2991 49
2992 27
2993 81
2994 62
2995 51
2996 60
2997 71
2998 64
2999 49
3000 69
3001 40
3002 70
3003 50
3004 59
3005 70
3006 61
3007 45
3008 62
3009 45
3010 57
3011 71
3012 61
3013 43
3014 60
3015 65
3016 64
3017 40
3018 68
3019 36
3020 65
3021 44
3022 54
3023 67
3024 54
3025 67
3026 61
3027 43
3028 54
3029 71
3030 65
3031 45
3032 70
3033 36
3034 65
3035 39
3036 58
3037 70
3038 60
3039 67
3040 61
3041 39
3042 54
3043 71
3044 71
3045 35
3046 68
3047 36
3048 65
3049 39
3050 55
3051 66
3052 61
3053 47
3054 58
3055 69
3056 59
3057 67
3058 68
3059 35
3060 65
3061 46
3062 63
3063 45
3064 62
3065 50
3066 58
3067 70
3068 67
3069 40
3070 57
3071 60
3072 56
3073 70
3074 58
3075 64
3076 67
3077 56
3078 58
3079 66
3080 71
3081 61
3082 42
3083 59
3084 62
3085 61
3086 49
3087 68
3088 38
3089 64
3090 46
3091 55
3092 70
3093 57
3094 69
3095 61
3096 37
3097 60
3098 68
3099 69
3100 35
3101 69
3102 39
3103 64
3104 41
3105 55
3106 68
3107 60
3108 65
3109 64
3110 37
3111 55
3112 68
3113 69
3114 35
3115 66
3116 38
3117 65
3118 39
3119 55
3120 68
3121 58
3122 67
3123 61
3124 39
3125 54
3126 67
3127 71
3128 36
3129 68
3130 38
3131 65
3132 39
3133 55
3134 68
3135 60
3136 67
3137 61
3138 41
3139 54
3140 68
3141 71
3142 34
3143 68
3144 38
3145 65
3146 39
3147 54
3148 68
3149 61
3150 47
3151 58
3152 69
3153 58
3154 67
3155 68
3156 35
3157 62
3158 44
3159 63
3160 45
3161 62
3162 50
3163 58
3164 70
3165 67
3166 41
3167 57
3168 60
3169 56
3170 70
3171 58
3172 61
3173 64
3174 55
3175 65
3176 59
3177 63
3178 61
3179 34
3180 65
3181 47
3182 61
3183 48
3184 59
3185 69
3186 69
3187 35
3188 57
3189 67
3190 58
3191 70
3192 58
3193 56
3194 58
3195 67
3196 70
3197 63
3198 39
3199 62
3200 43
3201 60
3202 66
3203 61
3204 44
3205 60
3206 64
3207 59
3208 65
3209 57
3210 67
3211 66
3212 34
3213 71
3214 45
3215 63
3216 48
3217 59
3218 65
3219 69
3220 38
3221 57
3222 67
3223 56
3224 70
3225 58
3226 56
3227 58
3228 68
3229 71
3230 62
3231 44
3232 62
3233 43
3234 61
3235 46
3236 57
3237 71
3238 65
3239 38
3240 61
3241 45
3242 59
3243 66
3244 61
3245 43
3246 57
3247 66
3248 63
3249 41
3250 60
3251 64
3252 58
3253 66
3254 60
3255 64
3256 68
3257 35
3258 69
3259 36
3260 69
3261 38
3262 33
3263 66
3264 64
3265 42
3266 56
3267 69
3268 54
3269 71
3270 64
3271 36
3272 71
3273 42
3274 66
3275 50
3276 63
3277 49
3278 62
3279 50
3280 61
3281 51
3282 32
3283 81
3284 70
3285 42
3286 68
3287 51
3288 70
3289 50
3290 67
3291 50
3292 63
3293 50
3294 35
3295 81
3296 69
3297 49
3298 68
3299 50
3300 69
3301 51
3302 67
3303 50
3304 37
3305 41
3306 87
3307 88
3308 62
3309 51
3310 63
3311 51
3312 36
3313 71
3314 70
3315 48
3316 65
3317 47
3318 70
3319 50
3320 69
3321 49
3322 67
3323 51
3324 65
3325 51
3326 60
3327 71
3328 68
3329 43
3330 65
3331 45
3332 64
3333 41
3334 46
3335 62
3336 61
3337 49
3338 62
3339 51
3340 60
3341 71
3342 70
3343 41
3344 61
3345 44
3346 66
3347 41
3348 58
3349 62
3350 56
3351 63
3352 62
3353 43
3354 54
3355 70
3356 63
3357 48
3358 68
3359 36
3360 71
3361 39
3362 57
3363 66
3364 58
3365 67
3366 61
3367 42
3368 54
3369 71
3370 71
3371 37
3372 68
3373 36
3374 68
3375 42
3376 56
3377 66
3378 62
3379 39
3380 62
3381 49
3382 58
3383 67
3384 61
3385 43
3386 60
3387 65
3388 64
3389 41
3390 64
3391 40
3392 67
3393 39
3394 30
3395 82
3396 54
3397 71
3398 56
3399 66
3400 68
3401 40
3402 61
3403 51
3404 71
3405 45
3406 61
3407 50
3408 62
3409 50
3410 61
3411 51
3412 58
3413 71
3414 66
3415 40
3416 69
3417 47
3418 61
3419 51
3420 62
3421 47
3422 60
3423 66
3424 64
3425 44
3426 62
3427 44
3428 28
3429 87
3430 59
3431 71
3432 62
3433 42
3434 59
3435 70
3436 65
3437 42
3438 71
3439 36
3440 70
3441 40
3442 58
3443 70
3444 61
3445 47
3446 60
3447 70
3448 59
3449 67
3450 67
3451 35
3452 66
3453 46
3454 66
3455 48
3456 60
3457 70
3458 69
3459 38
3460 61
3461 45
3462 58
3463 67
3464 66
3465 38
3466 57
3467 66
3468 63
3469 41
3470 64
3471 44
3472 67
3473 37
3474 55
3475 67
3476 55
3477 69
3478 55
3479 69
3480 65
3481 38
3482 63
3483 42
3484 66
3485 42
3486 35
3487 72
3488 67
3489 43
3490 56
3491 70
3492 54
3493 71
3494 64
3495 36
3496 71
3497 44
3498 71
3499 45
3500 63
3501 46
3502 62
3503 50
3504 35
3505 80
3506 71
3507 46
3508 68
3509 47
3510 65
3511 51
3512 68
3513 50
3514 63
3515 49
3516 35
3517 81
3518 69
3519 47
3520 68
3521 51
3522 69
3523 51
3524 62
3525 50
3526 87
3527 48
3528 34
3529 80
3530 66
3531 51
3532 68
3533 50
3534 66
3535 50
3536 66
3537 51
3538 70
3539 50
3540 60
3541 71
3542 68
3543 43
3544 68
3545 40
3546 61
3547 41
3548 30
3549 79
3550 32
3551 36
3552 34
3553 90
3554 86
3555 71
3556 47
3557 65
3558 46
3559 70
3560 51
3561 66
3562 49
3563 66
3564 51
3565 61
3566 51
3567 35
3568 89
3569 69
3570 49
3571 68
3572 46
3573 69
3574 51
3575 67
3576 50
3577 67
3578 68
3579 40
3580 48
3581 69
3582 48
3583 69
3584 49
3585 74
3586 69
3587 43
3588 76
3589 42
3590 42
3591 40
3592 96
3593 75
3594 68
3595 72
3596 16
3597 51
3598 47
3599 79
3600 48
3601 79
3602 45
3603 76
3604 49
3605 76
3606 69
3607 24
3608 47
3609 78
3610 50
3611 78
3612 47
3613 74
3614 72
3615 72
3616 17
3617 49
3618 51
3619 76
3620 75
3621 41
3622 51
3623 75
3624 42
3625 76
3626 49
3627 79
3628 48
3629 75
3630 47
3631 75
3632 81
3633 37
3634 47
3635 74
3636 26
3637 67
3638 26
3639 59
3640 69
3641 69
3642 46
3643 66
3644 51
3645 66
3646 50
3647 67
3648 49
3649 60
3650 71
3651 68
3652 43
3653 68
3654 40
3655 61
3656 44
3657 30
3658 80
3659 62
3660 45
3661 32
3662 37
3663 33
3664 83
3665 47
3666 93
3667 41
3668 91
3669 89
3670 36
3671 79
3672 70
3673 44
3674 65
3675 51
3676 69
3677 43
3678 69
3679 49
3680 67
3681 49
3682 35
3683 89
3684 69
3685 47
3686 66
3687 51
3688 70
3689 46
3690 67
3691 50
3692 68
3693 49
3694 35
3695 80
3696 69
3697 49
3698 68
3699 47
3700 68
3701 51
3702 68
3703 50
3704 63
3705 50
3706 34
3707 89
3708 69
3709 50
3710 68
3711 50
3712 78
3713 51
3714 84
3715 69
3716 42
3717 41
3718 75
3719 51
3720 65
3721 50
3722 40
3723 80
3724 69
3725 47
3726 75
3727 50
3728 77
3729 77
3730 45
3731 23
3732 75
3733 74
3734 39
3735 47
3736 75
3737 47
3738 76
3739 23
3740 76
3741 24
3742 44
3743 87
3744 91
3745 79
3746 39
3747 50
3748 75
3749 51
3750 76
3751 50
3752 80
3753 45
3754 76
3755 49
3756 76
3757 51
3758 74
3759 81
3760 37
3761 48
3762 75
3763 40
3764 77
3765 51
3766 31
3767 77
3768 86
3769 50
3770 75
3771 89
3772 46
3773 46
3774 77
3775 49
3776 76
3777 25
3778 79
3779 48
3780 74
3781 50
3782 66
3783 51
3784 74
3785 51
3786 39
3787 80
3788 74
3789 72
3790 48
3791 40
3792 76
3793 48
3794 80
3795 50
3796 79
3797 49
3798 76
3799 80
3800 38
3801 50
3802 74
3803 26
3804 40
3805 88
3806 75
3807 72
3808 46
3809 46
3810 74
3811 48
3812 80
3813 50
3814 77
3815 48
3816 76
3817 49
3818 39
3819 78
3820 77
3821 49
3822 85
3823 48
3824 76
3825 89
3826 41
3827 24
3828 76
3829 78
3830 63
3831 44
3832 35
3833 46
3834 74
3835 45
3836 80
3837 50
3838 78
3839 48
3840 75
3841 51
3842 75
3843 72
3844 37
3845 50
3846 74
3847 26
3848 75
3849 26
3850 78
3851 57
3852 68
3853 43
3854 65
3855 51
3856 65
3857 51
3858 34
3859 89
3860 68
3861 50
3862 68
3863 50
3864 69
3865 50
3866 68
3867 50
3868 35
3869 76
3870 37
3871 63
3872 69
3873 50
3874 36
3875 78
3876 69
3877 49
3878 87
3879 49
3880 71
3881 45
3882 65
3883 51
3884 66
3885 50
3886 65
3887 51
3888 65
3889 51
3890 34
3891 89
3892 68
3893 51
3894 68
3895 50
3896 87
3897 47
3898 66
3899 51
3900 69
3901 50
3902 65
3903 51
3904 31
3905 80
3906 68
3907 51
3908 68
3909 50
3910 69
3911 51
3912 68
3913 51
3914 36
3915 41
3916 86
3917 92
3918 62
3919 51
3920 37
3921 94
3922 65
3923 50
3924 70
3925 50
3926 67
3927 46
3928 67
3929 51
3930 68
3931 50
3932 65
3933 51
3934 34
3935 80
3936 66
3937 51
3938 68
3939 50
3940 69
3941 50
3942 66
3943 51
3944 69
3945 50
3946 34
3947 88
3948 66
3949 51
3950 80
3951 50
3952 87
3953 50
3954 68
3955 75
3956 49
3957 46
3958 66
3959 51
3960 66
3961 50
3962 65
3963 48
3964 66
3965 49
3966 75
3967 70
3968 40
3969 48
3970 74
3971 40
3972 75
3973 41
3974 33
3975 93
3976 46
3977 89
3978 42
3979 86
3980 86
3981 42
3982 20
3983 34
3984 85
3985 40
3986 92
3987 88
3988 65
3989 64
3990 50
3991 49
3992 71
3993 50
3994 79
3995 49
3996 75
3997 48
3998 77
3999 68
4000 41
4001 46
4002 78
4003 51
4004 75
4005 51
4006 65
4007 50
4008 75
4009 24
4010 44
4011 92
4012 75
4013 76
4014 41
4015 49
4016 75
4017 50
4018 41
4019 79
4020 76
4021 24
4022 80
4023 48
4024 77
4025 51
4026 86
4027 48
4028 74
4029 51
4030 34
4031 79
4032 69
4033 50
4034 68
4035 48
4036 76
4037 51
4038 68
4039 48
4040 66
4041 51
4042 65
4043 51
4044 34
4045 80
4046 66
4047 51
4048 80
4049 48
4050 67
4051 51
4052 68
4053 50
4054 69
4055 50
4056 31
4057 80
4058 68
4059 51
4060 68
4061 50
4062 69
4063 51
4064 84
4065 50
4066 82
4067 80
4068 18
4069 50
4070 61
4071 50
4072 35
4073 80
4074 67
4075 49
4076 75
4077 41
4078 80
4079 46
4080 75
4081 50
4082 76
4083 50
4084 42
4085 78
4086 80
4087 48
4088 77
4089 50
4090 78
4091 51
4092 75
4093 86
4094 22
4095 24
4096 74
4097 69
4098 41
4099 51
4100 74
4101 49
4102 41
4103 78
4104 91
4105 71
4106 51
4107 40
4108 74
4109 48
4110 89
4111 46
4112 74
4113 48
4114 77
4115 51
4116 39
4117 79
4118 75
4119 50
4120 85
4121 48
4122 74
4123 51
4124 66
4125 50
4126 90
4127 49
4128 39
4129 88
4130 74
4131 51
4132 68
4133 48
4134 67
4135 50
4136 66
4137 50
4138 78
4139 50
4140 74
4141 72
4142 37
4143 50
4144 74
4145 26
4146 75
4147 41
4148 33
4149 82
4150 70
4151 74
4152 49
4153 51
4154 76
4155 75
4156 46
4157 50
4158 79
4159 45
4160 80
4161 47
4162 77
4163 48
4164 76
4165 71
4166 38
4167 50
4168 75
4169 26
4170 40
4171 88
4172 75
4173 72
4174 47
4175 48
4176 74
4177 48
4178 80
4179 50
4180 76
4181 48
4182 77
4183 72
4184 38
4185 50
4186 75
4187 26
4188 61
4189 50
4190 74
4191 75
4192 42
4193 49
4194 59
4195 77
4196 68
4197 51
4198 68
4199 45
4200 68
4201 49
4202 68
4203 48
4204 57
4205 69
4206 66
4207 50
4208 68
4209 40
4210 61
4211 51
4212 56
4213 70
4214 61
4215 45
4216 62
4217 45
4218 29
4219 87
4220 69
4221 42
4222 60
4223 70
4224 64
4225 50
4226 62
4227 51
4228 71
4229 45
4230 68
4231 48
4232 68
4233 49
4234 57
4235 71
4236 57
4237 69
4238 66
4239 36
4240 69
4241 51
4242 65
4243 43
4244 66
4245 41
4246 61
4247 46
4248 31
4249 81
4250 69
4251 50
4252 68
4253 50
4254 66
4255 51
4256 62
4257 51
4258 66
4259 50
4260 61
4261 51
4262 31
4263 81
4264 69
4265 51
4266 68
4267 50
4268 69
4269 51
4270 64
4271 50
4272 83
4273 50
4274 31
4275 80
4276 66
4277 51
4278 68
4279 51
4280 67
4281 51
4282 62
4283 50
4284 70
4285 50
4286 60
4287 71
4288 66
4289 50
4290 68
4291 40
4292 64
4293 41
4294 31
4295 79
4296 31
4297 36
4298 34
4299 90
4300 86
4301 71
4302 47
4303 65
4304 46
4305 70
4306 51
4307 66
4308 49
4309 66
4310 51
4311 61
4312 51
4313 35
4314 89
4315 69
4316 49
4317 68
4318 46
4319 70
4320 51
4321 67
4322 50
4323 67
4324 49
4325 34
4326 89
4327 69
4328 49
4329 68
4330 50
4331 70
4332 50
4333 68
4334 50
4335 68
4336 69
4337 37
4338 48
4339 76
4340 40
4341 77
4342 45
4343 32
4344 94
4345 77
4346 71
4347 70
4348 51
4349 47
4350 41
4351 76
4352 74
4353 45
4354 43
4355 78
4356 47
4357 74
4358 41
4359 80
4360 50
4361 74
4362 47
4363 67
4364 75
4365 45
4366 51
4367 74
4368 50
4369 75
4370 26
4371 76
4372 69
4373 72
4374 43
4375 36
4376 51
4377 39
4378 80
4379 76
4380 51
4381 76
4382 42
4383 76
4384 76
4385 50
4386 49
4387 79
4388 49
4389 75
4390 41
4391 32
4392 79
4393 88
4394 50
4395 16
4396 80
4397 77
4398 51
4399 80
4400 50
4401 80
4402 45
4403 77
4404 51
4405 76
4406 72
4407 37
4408 49
4409 74
4410 40
4411 77
4412 47
4413 74
4414 44
4415 35
4416 87
4417 90
4418 79
4419 42
4420 48
4421 74
4422 77
4423 40
4424 24
4425 41
4426 62
4427 76
4428 77
4429 51
4430 51
4431 74
4432 23
4433 80
4434 50
4435 79
4436 48
4437 79
4438 49
4439 77
4440 51
4441 63
4442 51
4443 66
4444 50
4445 62
4446 71
4447 38
4448 50
4449 76
4450 40
4451 78
4452 47
4453 75
4454 50
4455 60
4456 69
4457 70
4458 42
4459 68
4460 40
4461 32
4462 70
4463 65
4464 51
4465 67
4466 47
4467 69
4468 50
4469 66
4470 51
4471 67
4472 50
4473 29
4474 80
4475 68
4476 51
4477 60
4478 70
4479 69
4480 51
4481 71
4482 39
4483 70
4484 49
4485 59
4486 69
4487 65
4488 51
4489 62
4490 40
4491 59
4492 71
4493 65
4494 42
4495 60
4496 65
4497 59
4498 66
4499 60
4500 63
4501 69
4502 34
4503 71
4504 34
4505 61
4506 43
4507 58
4508 64
4509 62
4510 38
4511 56
4512 69
4513 56
4514 71
4515 65
4516 35
4517 66
4518 41
4519 63
4520 42
4521 60
4522 62
4523 66
4524 38
4525 56
4526 69
4527 56
4528 69
4529 62
4530 38
4531 65
4532 41
4533 63
4534 42
4535 60
4536 65
4537 66
4538 39
4539 53
4540 71
4541 56
4542 69
4543 62
4544 40
4545 65
4546 41
4547 63
4548 42
4549 63
4550 67
4551 38
4552 38
4553 61
4554 50
4555 59
4556 66
4557 67
4558 39
4559 57
4560 67
4561 67
4562 41
4563 64
4564 40
4565 67
4566 37
4567 55
4568 67
4569 56
4570 69
4571 56
4572 63
4573 65
4574 38
4575 61
4576 44
4577 66
4578 39
4579 59
4580 66
4581 67
4582 37
4583 60
4584 65
4585 54
4586 71
4587 68
4588 34
4589 71
4590 35
4591 63
4592 41
4593 63
4594 42
4595 34
4596 75
4597 63
4598 51
4599 62
4600 51
4601 62
4602 51
4603 58
4604 71
4605 71
4606 39
4607 67
4608 49
4609 57
4610 70
4611 66
4612 43
4613 61
4614 49
4615 70
4616 41
4617 57
4618 62
4619 62
4620 45
4621 57
4622 65
4623 56
4624 71
4625 62
4626 35
4627 71
4628 37
4629 69
4630 42
4631 63
4632 42
4633 29
4634 79
4635 63
4636 51
4637 62
4638 51
4639 67
4640 51
4641 62
4642 51
4643 66
4644 50
4645 61
4646 51
4647 58
4648 71
4649 66
4650 42
4651 65
4652 40
4653 61
4654 44
4655 30
4656 80
4657 62
4658 45
4659 32
4660 37
4661 31
4662 75
4663 47
4664 93
4665 41
4666 95
4667 89
4668 36
4669 79
4670 67
4671 50
4672 62
4673 51
4674 69
4675 50
4676 69
4677 42
4678 67
4679 51
4680 61
4681 51
4682 35
4683 89
4684 70
4685 47
4686 66
4687 47
4688 70
4689 47
4690 67
4691 50
4692 68
4693 68
4694 40
4695 48
4696 69
4697 50
4698 78
4699 50
4700 74
4701 69
4702 46
4703 76
4704 42
4705 26
4706 40
4707 96
4708 76
4709 74
4710 42
4711 21
4712 80
4713 46
4714 80
4715 48
4716 79
4717 49
4718 75
4719 50
4720 77
4721 70
4722 23
4723 46
4724 78
4725 48
4726 75
4727 47
4728 76
4729 49
4730 62
4731 50
4732 60
4733 81
4734 68
4735 42
4736 66
4737 50
4738 67
4739 49
4740 62
4741 49
4742 35
4743 88
4744 69
4745 50
4746 62
4747 51
4748 37
4749 78
4750 38
4751 80
4752 67
4753 50
4754 31
4755 47
4756 96
4757 75
4758 84
4759 49
4760 87
4761 50
4762 66
4763 47
4764 65
4765 49
4766 65
4767 51
4768 65
4769 51
4770 34
4771 89
4772 68
4773 48
4774 66
4775 51
4776 69
4777 50
4778 68
4779 49
4780 66
4781 51
4782 34
4783 89
4784 68
4785 50
4786 66
4787 50
4788 69
4789 49
4790 68
4791 50
4792 67
4793 69
4794 40
4795 48
4796 77
4797 50
4798 74
4799 41
4800 74
4801 80
4802 71
4803 20
4804 12
4805 75
4806 35
4807 50
4808 75
4809 75
4810 35
4811 49
4812 77
4813 48
4814 80
4815 48
4816 76
4817 49
4818 77
4819 70
4820 38
4821 48
4822 75
4823 26
4824 78
4825 75
4826 43
4827 51
4828 74
4829 71
4830 74
4831 41
4832 43
4833 71
4834 45
4835 66
4836 47
4837 71
4838 48
4839 74
4840 50
4841 75
4842 51
4843 34
4844 80
4845 66
4846 51
4847 68
4848 50
4849 70
4850 49
4851 68
4852 51
4853 66
4854 50
4855 60
4856 71
4857 65
4858 43
4859 68
4860 40
4861 61
4862 41
4863 21
4864 79
4865 61
4866 51
4867 62
4868 51
4869 61
4870 51
4871 68
4872 51
4873 68
4874 50
4875 61
4876 51
4877 60
4878 71
4879 68
4880 43
4881 58
4882 60
4883 59
4884 61
4885 64
4886 60
4887 56
4888 68
4889 63
4890 57
4891 65
4892 63
4893 39
4894 61
4895 37
4896 62
4897 43
4898 57
4899 70
4900 64
4901 40
4902 60
4903 65
4904 56
4905 70
4906 58
4907 63
4908 62
4909 35
4910 69
4911 39
4912 61
4913 45
4914 60
4915 66
4916 66
4917 42
4918 57
4919 69
4920 56
4921 70
4922 65
4923 38
4924 66
4925 41
4926 63
4927 42
4928 60
4929 66
4930 66
4931 38
4932 54
4933 69
4934 56
4935 70
4936 62
4937 40
4938 66
4939 41
4940 67
4941 42
4942 37
4943 62
4944 66
4945 43
4946 57
4947 71
4948 58
4949 64
4950 64
4951 39
4952 71
4953 45
4954 66
4955 45
4956 63
4957 47
4958 62
4959 50
4960 31
4961 81
4962 71
4963 42
4964 68
4965 51
4966 69
4967 51
4968 62
4969 51
4970 66
4971 49
4972 61
4973 51
4974 61
4975 51
4976 31
4977 81
4978 68
4979 50
4980 68
4981 50
4982 69
4983 51
4984 63
4985 50
4986 66
4987 50
4988 34
4989 89
4990 69
4991 50
4992 68
4993 51
4994 69
4995 51
4996 80
4997 50
4998 68
4999 48
5000 19
5001 80
5002 68
5003 51
5004 68
5005 51
5006 69
5007 51
5008 68
5009 50
5010 87
5011 50
5012 31
5013 80
5014 66
5015 51
5016 66
5017 51
5018 67
5019 51
5020 66
5021 50
5022 68
5023 50
5024 34
5025 80
5026 68
5027 51
5028 68
5029 50
5030 69
5031 51
5032 84
5033 50
5034 68
5035 50
5036 19
5037 80
5038 68
5039 51
5040 68
5041 51
5042 69
5043 51
5044 84
5045 50
5046 82
5047 69
5048 20
5049 48
5050 68
5051 50
5052 65
5053 49
5054 35
5055 80
5056 66
5057 49
5058 67
5059 51
5060 70
5061 48
5062 70
5063 50
5064 67
5065 50
5066 65
5067 51
5068 34
5069 89
5070 68
5071 51
5072 66
5073 50
5074 87
5075 49
5076 84
5077 50
5078 47
5079 62
5080 66
5081 50
5082 65
5083 51
5084 36
5085 79
5086 65
5087 51
5088 67
5089 49
5090 88
5091 47
5092 66
5093 51
5094 69
5095 50
5096 59
5097 71
5098 68
5099 50
5100 66
5101 50
5102 69
5103 41
5104 61
5105 46
5106 61
5107 49
5108 29
5109 89
5110 68
5111 51
5112 68
5113 51
5114 69
5115 51
5116 62
5117 50
5118 87
5119 49
5120 60
5121 71
5122 67
5123 47
5124 68
5125 40
5126 65
5127 47
5128 56
5129 69
5130 61
5131 47
5132 62
5133 45
5134 28
5135 70
5136 61
5137 47
5138 60
5139 71
5140 69
5141 49
5142 63
5143 44
5144 71
5145 44
5146 59
5147 68
5148 56
5149 64
5150 62
5151 51
5152 61
5153 51
5154 66
5155 49
5156 67
5157 46
5158 60
5159 67
5160 65
5161 43
5162 60
5163 64
5164 55
5165 70
5166 58
5167 56
5168 64
5169 60
5170 62
5171 63
5172 36
5173 65
5174 46
5175 61
5176 49
5177 61
5178 47
5179 58
5180 70
5181 65
5182 39
5183 62
5184 44
5185 57
5186 65
5187 57
5188 68
5189 66
5190 42
5191 60
5192 66
5193 71
5194 33
5195 61
5196 43
5197 64
5198 40
5199 63
5200 42
5201 54
5202 69
5203 53
5204 63
5205 64
5206 43
5207 64
5208 47
5209 58
5210 67
5211 67
5212 43
5213 54
5214 70
5215 63
5216 41
5217 62
5218 42
5219 84
5220 19
5221 55
5222 62
5223 56
5224 65
5225 55
5226 71
5227 55
5228 63
5229 45
5230 62
5231 51
5232 61
5233 51
5234 61
5235 51
5236 58
5237 71
5238 66
5239 40
5240 69
5241 47
5242 58
5243 64
5244 64
5245 44
5246 58
5247 63
5248 56
5249 66
5250 57
5251 67
5252 67
5253 34
5254 66
5255 45
5256 62
5257 46
5258 60
5259 68
5260 69
5261 38
5262 57
5263 65
5264 56
5265 70
5266 61
5267 36
5268 66
5269 41
5270 67
5271 42
5272 63
5273 45
5274 28
5275 80
5276 66
5277 46
5278 60
5279 71
5280 63
5281 47
5282 63
5283 44
5284 71
5285 43
5286 58
5287 70
5288 56
5289 64
5290 63
5291 42
5292 58
5293 71
5294 70
5295 43
5296 69
5297 36
5298 68
5299 39
5300 57
5301 68
5302 60
5303 64
5304 61
5305 39
5306 54
5307 71
5308 71
5309 35
5310 68
5311 36
5312 66
5313 39
5314 56
5315 66
5316 61
5317 47
5318 58
5319 69
5320 59
5321 67
5322 68
5323 35
5324 66
5325 46
5326 63
5327 45
5328 60
5329 70
5330 69
5331 38
5332 60
5333 65
5334 56
5335 70
5336 58
5337 54
5338 65
5339 68
5340 44
5341 64
5342 47
5343 66
5344 46
5345 58
5346 69
5347 60
5348 61
5349 60
5350 64
5351 62
5352 36
5353 65
5354 46
5355 62
5356 46
5357 60
5358 68
5359 66
5360 38
5361 60
5362 65
5363 55
5364 71
5365 63
5366 34
5367 68
5368 41
5369 69
5370 38
5371 63
5372 42
5373 30
5374 76
5375 62
5376 51
5377 61
5378 51
5379 63
5380 51
5381 58
5382 71
5383 71
5384 39
5385 70
5386 48
5387 60
5388 70
5389 65
5390 39
5391 61
5392 49
5393 70
5394 41
5395 56
5396 67
5397 61
5398 45
5399 57
5400 65
5401 56
5402 70
5403 58
5404 63
5405 62
5406 35
5407 71
5408 37
5409 61
5410 41
5411 59
5412 68
5413 60
5414 64
5415 61
5416 39
5417 54
5418 71
5419 71
5420 33
5421 70
5422 36
5423 63
5424 42
5425 58
5426 66
5427 62
5428 38
5429 58
5430 65
5431 56
5432 71
5433 66
5434 38
5435 70
5436 41
5437 63
5438 42
5439 55
5440 66
5441 66
5442 42
5443 57
5444 65
5445 56
5446 70
5447 59
5448 60
5449 62
5450 67
5451 44
5452 68
5453 50
5454 62
5455 41
5456 55
5457 70
5458 57
5459 63
5460 61
5461 43
5462 65
5463 46
5464 60
5465 66
5466 68
5467 36
5468 55
5469 69
5470 59
5471 60
5472 58
5473 66
5474 58
5475 70
5476 63
5477 56
5478 64
5479 53
5480 66
5481 59
5482 60
5483 63
5484 66
5485 58
5486 56
5487 62
5488 63
5489 49
5490 68
5491 43
5492 63
5493 48
5494 56
5495 70
5496 68
5497 42
5498 57
5499 60
5500 59
5501 61
5502 65
5503 63
5504 63
5505 36
5506 67
5507 46
5508 66
5509 45
5510 55
5511 69
5512 59
5513 64
5514 58
5515 62
5516 64
5517 36
5518 63
5519 49
5520 66
5521 46
5522 60
5523 66
5524 69
5525 35
5526 60
5527 65
5528 55
5529 71
5530 63
5531 33
5532 65
5533 46
5534 69
5535 42
5536 66
5537 41
5538 56
5539 66
5540 60
5541 66
5542 63
5543 38
5544 58
5545 69
5546 70
5547 37
5548 68
5549 36
5550 65
5551 39
5552 53
5553 71
5554 62
5555 42
5556 60
5557 60
5558 56
5559 70
5560 59
5561 63
5562 63
5563 56
5564 66
5565 59
5566 63
5567 61
5568 34
5569 65
5570 45
5571 62
5572 48
5573 59
5574 70
5575 66
5576 39
5577 57
5578 65
5579 58
5580 70
5581 58
5582 58
5583 62
5584 67
5585 44
5586 68
5587 51
5588 66
5589 43
5590 55
5591 70
5592 55
5593 65
5594 62
5595 43
5596 65
5597 48
5598 63
5599 48
5600 63
5601 44
5602 32
5603 77
5604 66
5605 51
5606 58
5607 71
5608 58
5609 67
5610 59
5611 59
5612 64
5613 65
5614 58
5615 62
5616 36
5617 62
5618 49
5619 60
5620 70
5621 65
5622 39
5623 60
5624 67
5625 59
5626 65
5627 58
5628 66
5629 63
5630 34
5631 71
5632 42
5633 64
5634 47
5635 60
5636 68
5637 62
5638 42
5639 59
5640 69
5641 58
5642 66
5643 63
5644 34
5645 66
5646 41
5647 66
5648 43
5649 59
5650 66
5651 66
5652 42
5653 59
5654 65
5655 56
5656 70
5657 62
5658 35
5659 70
5660 41
5661 68
5662 42
5663 62
5664 42
5665 29
5666 79
5667 65
5668 51
5669 60
5670 71
5671 66
5672 47
5673 61
5674 44
5675 71
5676 47
5677 58
5678 71
5679 59
5680 64
5681 62
5682 36
5683 60
5684 71
5685 61
5686 43
5687 71
5688 38
5689 67
5690 40
5691 55
5692 68
5693 60
5694 65
5695 61
5696 39
5697 55
5698 71
5699 71
5700 35
5701 68
5702 43
5703 68
5704 39
5705 57
5706 68
5707 56
5708 67
5709 61
5710 39
5711 54
5712 71
5713 66
5714 38
5715 71
5716 36
5717 65
5718 39
5719 54
5720 68
5721 61
5722 47
5723 62
5724 45
5725 58
5726 71
5727 61
5728 43
5729 60
5730 65
5731 64
5732 45
5733 68
5734 38
5735 65
5736 44
5737 54
5738 70
5739 54
5740 67
5741 61
5742 43
5743 54
5744 71
5745 65
5746 41
5747 68
5748 36
5749 65
5750 39
5751 55
5752 70
5753 60
5754 67
5755 63
5756 41
5757 54
5758 71
5759 71
5760 40
5761 68
5762 43
5763 65
5764 39
5765 55
5766 68
5767 56
5768 67
5769 61
5770 39
5771 54
5772 71
5773 70
5774 38
5775 68
5776 36
5777 65
5778 39
5779 55
5780 69
5781 61
5782 47
5783 62
5784 49
5785 57
5786 71
5787 61
5788 43
5789 60
5790 65
5791 64
5792 40
5793 66
5794 40
5795 65
5796 44
5797 55
5798 70
5799 54
5800 63
5801 66
5802 41
5803 54
5804 69
5805 69
5806 41
5807 68
5808 38
5809 65
5810 39
5811 55
5812 68
5813 60
5814 67
5815 61
5816 39
5817 54
5818 67
5819 69
5820 39
5821 68
5822 38
5823 65
5824 39
5825 55
5826 68
5827 60
5828 67
5829 61
5830 41
5831 54
5832 67
5833 71
5834 35
5835 68
5836 38
5837 65
5838 39
5839 55
5840 68
5841 61
5842 47
5843 58
5844 69
5845 58
5846 67
5847 66
5848 35
5849 62
5850 43
5851 63
5852 46
5853 59
5854 70
5855 67
5856 38
5857 60
5858 65
5859 56
5860 70
5861 58
5862 56
5863 58
5864 67
5865 70
5866 62
5867 44
5868 59
5869 63
5870 61
5871 45
5872 68
5873 38
5874 59
5875 66
5876 54
5877 71
5878 57
5879 67
5880 63
5881 35
5882 66
5883 46
5884 67
5885 41
5886 61
5887 45
5888 59
5889 68
5890 65
5891 40
5892 55
5893 64
5894 56
5895 70
5896 61
5897 39
5898 68
5899 37
5900 61
5901 44
5902 59
5903 66
5904 67
5905 38
5906 53
5907 71
5908 58
5909 61
5910 58
5911 66
5912 58
5913 62
5914 44
5915 57
5916 71
5917 57
5918 64
5919 61
5920 43
5921 66
5922 45
5923 66
5924 43
5925 60
5926 67
5927 67
5928 38
5929 59
5930 65
5931 56
5932 70
5933 58
5934 55
5935 63
5936 61
5937 66
5938 37
5939 66
5940 41
5941 59
5942 65
5943 69
5944 47
5945 57
5946 59
5947 56
5948 68
5949 57
5950 66
5951 64
5952 55
5953 58
5954 66
5955 66
5956 62
5957 41
5958 62
5959 42
5960 61
5961 48
5962 58
5963 70
5964 68
5965 35
5966 60
5967 65
5968 58
5969 65
5970 58
5971 66
5972 61
5973 35
5974 69
5975 39
5976 61
5977 41
5978 61
5979 45
5980 29
5981 80
5982 69
5983 50
5984 64
5985 47
5986 56
5987 71
5988 70
5989 44
5990 64
5991 50
5992 70
5993 38
5994 66
5995 51
5996 55
5997 63
5998 63
5999 51
6000 63
6001 46
6002 63
6003 47
6004 55
6005 70
6006 62
6007 42
6008 60
6009 68
6010 56
6011 68
6012 58
6013 66
6014 65
6015 35
6016 71
6017 39
6018 61
6019 45
6020 61
6021 45
6022 30
6023 81
6024 70
6025 46
6026 66
6027 51
6028 56
6029 71
6030 69
6031 44
6032 64
6033 50
6034 70
6035 38
6036 66
6037 51
6038 61
6039 43
6040 54
6041 71
6042 67
6043 51
6044 60
6045 65
6046 59
6047 65
6048 58
6049 63
6050 63
6051 34
6052 71
6053 40
6054 60
6055 68
6056 65
6057 43
6058 60
6059 65
6060 58
6061 66
6062 37
6063 67
6064 50
6065 63
6066 50
6067 57
6068 70
6069 71
6070 39
6071 68
6072 40
6073 58
6074 64
6075 61
6076 43
6077 57
6078 67
6079 56
6080 68
6081 57
6082 66
6083 66
6084 34
6085 66
6086 45
6087 60
6088 66
6089 71
6090 40
6091 56
6092 66
6093 56
6094 65
6095 57
6096 67
6097 64
6098 34
6099 66
6100 45
6101 64
6102 51
6103 58
6104 66
6105 70
6106 36
6107 59
6108 69
6109 56
6110 63
6111 61
6112 43
6113 63
6114 48
6115 69
6116 45
6117 60
6118 68
6119 66
6120 39
6121 61
6122 45
6123 55
6124 69
6125 60
6126 64
6127 55
6128 69
6129 38
6130 59
6131 71
6132 66
6133 43
6134 66
6135 40
6136 64
6137 41
6138 56
6139 62
6140 58
6141 67
6142 61
6143 41
6144 54
6145 67
6146 65
6147 39
6148 68
6149 36
6150 65
6151 39
6152 54
6153 68
6154 60
6155 67
6156 61
6157 42
6158 54
6159 70
6160 71
6161 41
6162 68
6163 36
6164 65
6165 39
6166 55
6167 68
6168 61
6169 47
6170 62
6171 49
6172 57
6173 70
6174 61
6175 43
6176 60
6177 65
6178 64
6179 40
6180 65
6181 40
6182 65
6183 44
6184 54
6185 70
6186 54
6187 63
6188 63
6189 43
6190 54
6191 69
6192 67
6193 40
6194 68
6195 38
6196 65
6197 39
6198 55
6199 70
6200 60
6201 67
6202 61
6203 41
6204 54
6205 70
6206 71
6207 40
6208 68
6209 43
6210 65
6211 39
6212 55
6213 68
6214 60
6215 67
6216 61
6217 39
6218 54
6219 67
6220 71
6221 41
6222 68
6223 43
6224 65
6225 39
6226 55
6227 68
6228 60
6229 67
6230 61
6231 41
6232 54
6233 70
6234 71
6235 41
6236 68
6237 36
6238 65
6239 39
6240 55
6241 68
6242 61
6243 47
6244 62
6245 49
6246 58
6247 70
6248 61
6249 43
6250 60
6251 65
6252 64
6253 40
6254 65
6255 40
6256 65
6257 39
6258 31
6259 70
6260 56
6261 71
6262 62
6263 43
6264 56
6265 71
6266 63
6267 48
6268 71
6269 39
6270 70
6271 43
6272 58
6273 70
6274 65
6275 47
6276 62
6277 45
6278 59
6279 66
6280 61
6281 44
6282 60
6283 65
6284 64
6285 40
6286 65
6287 39
6288 65
6289 44
6290 54
6291 70
6292 54
6293 67
6294 61
6295 43
6296 54
6297 70
6298 65
6299 41
6300 68
6301 36
6302 65
6303 39
6304 55
6305 70
6306 60
6307 67
6308 61
6309 41
6310 54
6311 71
6312 71
6313 41
6314 68
6315 38
6316 65
6317 39
6318 55
6319 68
6320 61
6321 47
6322 62
6323 49
6324 58
6325 70
6326 61
6327 43
6328 60
6329 65
6330 64
6331 40
6332 65
6333 40
6334 65
6335 39
6336 31
6337 82
6338 56
6339 71
6340 56
6341 63
6342 68
6343 39
6344 61
6345 51
6346 71
6347 45
6348 61
6349 50
6350 62
6351 51
6352 61
6353 51
6354 58
6355 71
6356 66
6357 40
6358 69
6359 47
6360 58
6361 71
6362 63
6363 44
6364 61
6365 43
6366 65
6367 41
6368 53
6369 66
6370 62
6371 46
6372 57
6373 65
6374 56
6375 71
6376 58
6377 58
6378 63
6379 61
6380 46
6381 64
6382 47
6383 62
6384 46
6385 57
6386 69
6387 63
6388 45
6389 60
6390 65
6391 56
6392 70
6393 58
6394 63
6395 62
6396 35
6397 71
6398 39
6399 61
6400 41
6401 58
6402 66
6403 60
6404 64
6405 61
6406 39
6407 54
6408 71
6409 71
6410 33
6411 70
6412 36
6413 63
6414 42
6415 58
6416 66
6417 62
6418 38
6419 56
6420 65
6421 56
6422 71
6423 66
6424 38
6425 66
6426 41
6427 63
6428 42
6429 56
6430 66
6431 66
6432 42
6433 54
6434 65
6435 56
6436 69
6437 60
6438 63
6439 45
6440 57
6441 71
6442 57
6443 63
6444 59
6445 62
6446 64
6447 36
6448 65
6449 46
6450 61
6451 50
6452 58
6453 66
6454 70
6455 36
6456 57
6457 69
6458 56
6459 70
6460 61
6461 36
6462 66
6463 41
6464 69
6465 38
6466 63
6467 42
6468 28
6469 67
6470 70
6471 48
6472 57
6473 71
6474 69
6475 47
6476 66
6477 44
6478 71
6479 47
6480 58
6481 70
6482 56
6483 64
6484 63
6485 36
6486 61
6487 51
6488 67
6489 46
6490 67
6491 41
6492 63
6493 46
6494 57
6495 71
6496 69
6497 41
6498 60
6499 60
6500 56
6501 61
6502 65
6503 66
6504 36
6505 63
6506 40
6507 58
6508 65
6509 56
6510 66
6511 67
6512 39
6513 60
6514 66
6515 71
6516 35
6517 61
6518 39
6519 64
6520 41
6521 55
6522 70
6523 55
6524 67
6525 64
6526 39
6527 60
6528 68
6529 69
6530 35
6531 68
6532 38
6533 65
6534 40
6535 55
6536 70
6537 58
6538 65
6539 64
6540 39
6541 55
6542 68
6543 71
6544 37
6545 66
6546 43
6547 65
6548 39
6549 55
6550 68
6551 56
6552 67
6553 61
6554 39
6555 54
6556 68
6557 67
6558 40
6559 68
6560 36
6561 65
6562 39
6563 55
6564 68
6565 60
6566 67
6567 61
6568 41
6569 54
6570 71
6571 71
6572 39
6573 68
6574 38
6575 65
6576 39
6577 55
6578 68
6579 61
6580 47
6581 62
6582 49
6583 57
6584 70
6585 61
6586 43
6587 60
6588 65
6589 64
6590 40
6591 65
6592 40
6593 65
6594 44
6595 55
6596 70
6597 54
6598 63
6599 64
6600 43
6601 54
6602 69
6603 67
6604 41
6605 68
6606 38
6607 65
6608 39
6609 55
6610 70
6611 60
6612 67
6613 61
6614 41
6615 54
6616 70
6617 71
6618 39
6619 68
6620 43
6621 65
6622 39
6623 55
6624 68
6625 60
6626 67
6627 61
6628 39
6629 54
6630 67
6631 67
6632 41
6633 68
6634 39
6635 65
6636 39
6637 55
6638 70
6639 60
6640 67
6641 61
6642 41
6643 54
6644 70
6645 71
6646 38
6647 68
6648 39
6649 65
6650 39
6651 55
6652 68
6653 61
6654 47
6655 58
6656 69
6657 57
6658 67
6659 66
6660 35
6661 66
6662 44
6663 63
6664 43
6665 59
6666 70
6667 67
6668 38
6669 59
6670 65
6671 56
6672 70
6673 58
6674 55
6675 62
6676 66
6677 44
6678 64
6679 47
6680 62
6681 44
6682 57
6683 70
6684 64
6685 41
6686 65
6687 45
6688 59
6689 66
6690 61
6691 43
6692 60
6693 64
6694 63
6695 41
6696 64
6697 40
6698 67
6699 37
6700 30
6701 83
6702 55
6703 69
6704 55
6705 69
6706 62
6707 45
6708 61
6709 51
6710 66
6711 49
6712 62
6713 50
6714 62
6715 50
6716 58
6717 71
6718 67
6719 40
6720 62
6721 40
6722 58
6723 71
6724 64
6725 40
6726 61
6727 43
6728 83
6729 26
6730 54
6731 70
6732 54
6733 70
6734 56
6735 67
6736 63
6737 39
6738 58
6739 68
6740 70
6741 36
6742 71
6743 38
6744 58
6745 71
6746 61
6747 43
6748 61
6749 50
6750 70
6751 41
6752 58
6753 70
6754 56
6755 67
6756 55
6757 63
6758 63
6759 46
6760 66
6761 49
6762 63
6763 44
6764 63
6765 49
6766 59
6767 70
6768 66
6769 40
6770 57
6771 60
6772 56
6773 71
6774 61
6775 59
6776 59
6777 66
6778 59
6779 58
6780 62
6781 63
6782 64
6783 41
6784 62
6785 40
6786 58
6787 68
6788 66
6789 41
6790 59
6791 63
6792 56
6793 66
6794 57
6795 67
6796 64
6797 34
6798 71
6799 45
6800 64
6801 48
6802 59
6803 65
6804 69
6805 38
6806 57
6807 67
6808 56
6809 70
6810 59
6811 56
6812 58
6813 68
6814 70
6815 62
6816 44
6817 62
6818 42
6819 61
6820 49
6821 57
6822 71
6823 65
6824 36
6825 61
6826 45
6827 60
6828 66
6829 66
6830 43
6831 57
6832 66
6833 63
6834 41
6835 60
6836 64
6837 58
6838 66
6839 57
6840 64
6841 68
6842 37
6843 70
6844 36
6845 69
6846 39
6847 33
6848 66
6849 64
6850 42
6851 56
6852 69
6853 54
6854 71
6855 64
6856 36
6857 71
6858 42
6859 66
6860 48
6861 63
6862 49
6863 62
6864 50
6865 61
6866 51
6867 32
6868 81
6869 70
6870 42
6871 68
6872 51
6873 70
6874 50
6875 67
6876 50
6877 63
6878 50
6879 35
6880 81
6881 69
6882 49
6883 68
6884 50
6885 69
6886 51
6887 67
6888 50
6889 37
6890 41
6891 87
6892 92
6893 62
6894 51
6895 63
6896 51
6897 36
6898 71
6899 70
6900 48
6901 65
6902 47
6903 70
6904 50
6905 70
6906 49
6907 67
6908 51
6909 65
6910 51
6911 60
6912 71
6913 68
6914 43
6915 65
6916 45
6917 64
6918 41
6919 47
6920 62
6921 61
6922 49
6923 62
6924 51
6925 60
6926 71
6927 70
6928 41
6929 61
6930 44
6931 66
6932 41
6933 58
6934 62
6935 56
6936 63
6937 62
6938 43
6939 54
6940 70
6941 63
6942 48
6943 68
6944 36
6945 71
6946 39
6947 57
6948 66
6949 58
6950 67
6951 61
6952 42
6953 54
6954 71
6955 71
6956 37
6957 68
6958 36
6959 68
6960 42
6961 56
6962 66
6963 62
6964 39
6965 62
6966 49
6967 58
6968 67
6969 61
6970 43
6971 60
6972 70
6973 64
6974 41
6975 64
6976 40
6977 67
6978 39
6979 30
6980 71
6981 56
6982 71
6983 56
6984 66
6985 65
6986 42
6987 61
6988 51
6989 66
6990 49
6991 62
6992 50
6993 62
6994 50
6995 58
6996 71
6997 66
6998 40
6999 69
7000 47
7001 56
7002 71
7003 64
7004 43
7005 61
7006 43
7007 65
7008 41
7009 58
7010 66
7011 58
7012 63
7013 61
7014 43
7015 54
7016 71
7017 68
7018 37
7019 65
7020 39
7021 68
7022 37
7023 30
7024 68
7025 60
7026 69
7027 56
7028 69
7029 68
7030 41
7031 63
7032 51
7033 66
7034 49
7035 62
7036 50
7037 62
7038 50
7039 61
7040 51
7041 32
7042 81
7043 69
7044 50
7045 68
7046 46
7047 65
7048 51
7049 66
7050 50
7051 63
7052 50
7053 35
7054 81
7055 69
7056 49
7057 68
7058 47
7059 67
7060 51
7061 68
7062 50
7063 37
7064 41
7065 87
7066 92
7067 62
7068 51
7069 63
7070 51
7071 36
7072 80
7073 69
7074 48
7075 65
7076 49
7077 70
7078 48
7079 70
7080 50
7081 69
7082 51
7083 65
7084 51
7085 65
7086 51
7087 34
7088 89
7089 68
7090 51
7091 68
7092 51
7093 84
7094 78
7095 43
7096 24
7097 67
7098 50
7099 39
7100 78
7101 70
7102 49
7103 66
7104 50
7105 70
7106 46
7107 70
7108 49
7109 66
7110 51
7111 65
7112 51
7113 59
7114 71
7115 65
7116 51
7117 60
7118 65
7119 59
7120 60
7121 65
7122 63
7123 69
7124 45
7125 60
7126 59
7127 55
7128 65
7129 62
7130 68
7131 38
7132 63
7133 43
7134 61
7135 43
7136 56
7137 70
7138 69
7139 42
7140 60
7141 65
7142 56
7143 70
7144 58
7145 59
7146 63
7147 61
7148 64
7149 33
7150 63
7151 47
7152 61
7153 48
7154 57
7155 70
7156 68
7157 38
7158 61
7159 45
7160 60
7161 66
7162 66
7163 43
7164 57
7165 64
7166 63
7167 41
7168 64
7169 40
7170 67
7171 37
7172 53
7173 67
7174 55
7175 65
7176 55
7177 66
7178 65
7179 39
7180 61
7181 47
7182 66
7183 42
7184 59
7185 66
7186 67
7187 40
7188 60
7189 65
7190 54
7191 71
7192 68
7193 34
7194 70
7195 41
7196 63
7197 42
7198 63
7199 42
7200 31
7201 76
7202 61
7203 49
7204 62
7205 51
7206 63
7207 51
7208 58
7209 71
7210 71
7211 39
7212 70
7213 49
7214 57
7215 70
7216 68
7217 43
7218 61
7219 49
7220 70
7221 41
7222 56
7223 62
7224 61
7225 45
7226 57
7227 65
7228 56
7229 71
7230 62
7231 35
7232 70
7233 37
7234 69
7235 42
7236 61
7237 42
7238 29
7239 79
7240 63
7241 51
7242 61
7243 51
7244 67
7245 51
7246 62
7247 51
7248 70
7249 49
7250 61
7251 51
7252 58
7253 71
7254 69
7255 42
7256 65
7257 40
7258 61
7259 44
7260 30
7261 80
7262 62
7263 45
7264 62
7265 51
7266 62
7267 51
7268 70
7269 48
7270 68
7271 50
7272 60
7273 71
7274 69
7275 42
7276 60
7277 60
7278 59
7279 61
7280 65
7281 63
7282 38
7283 63
7284 47
7285 61
7286 46
7287 58
7288 70
7289 66
7290 39
7291 60
7292 60
7293 56
7294 70
7295 58
7296 63
7297 58
7298 63
7299 64
7300 54
7301 66
7302 58
7303 63
7304 62
7305 34
7306 65
7307 47
7308 60
7309 69
7310 70
7311 34
7312 60
7313 69
7314 59
7315 60
7316 55
7317 66
7318 71
7319 63
7320 44
7321 62
7322 43
7323 61
7324 49
7325 60
7326 70
7327 65
7328 40
7329 61
7330 45
7331 60
7332 66
7333 66
7334 43
7335 57
7336 68
7337 63
7338 41
7339 64
7340 40
7341 67
7342 37
7343 34
7344 67
7345 24
7346 65
7347 62
7348 49
7349 56
7350 71
7351 66
7352 47
7353 67
7354 49
7355 71
7356 45
7357 62
7358 50
7359 62
7360 50
7361 61
7362 51
7363 58
7364 71
7365 66
7366 40
7367 68
7368 47
7369 62
7370 44
7371 30
7372 80
7373 62
7374 45
7375 62
7376 51
7377 62
7378 51
7379 84
7380 42
7381 70
7382 50
7383 65
7384 51
7385 60
7386 71
7387 65
7388 43
7389 62
7390 45
7391 58
7392 70
7393 61
7394 44
7395 60
7396 65
7397 63
7398 41
7399 64
7400 40
7401 67
7402 37
7403 30
7404 83
7405 56
7406 69
7407 56
7408 70
7409 65
7410 43
7411 62
7412 51
7413 67
7414 49
7415 62
7416 50
7417 62
7418 50
7419 61
7420 51
7421 32
7422 81
7423 69
7424 50
7425 68
7426 46
7427 66
7428 51
7429 67
7430 50
7431 63
7432 50
7433 35
7434 81
7435 69
7436 49
7437 68
7438 47
7439 69
7440 51
7441 66
7442 50
7443 83
7444 69
7445 35
7446 47
7447 66
7448 50
7449 65
7450 50
7451 35
7452 80
7453 66
7454 49
7455 67
7456 51
7457 88
7458 48
7459 68
7460 50
7461 69
7462 50
7463 65
7464 51
7465 65
7466 51
7467 29
7468 89
7469 68
7470 51
7471 68
7472 51
7473 84
7474 78
7475 43
7476 42
7477 67
7478 50
7479 39
7480 76
7481 70
7482 49
7483 66
7484 50
7485 70
7486 46
7487 70
7488 49
7489 75
7490 51
7491 38
7492 80
7493 65
7494 51
7495 66
7496 51
7497 70
7498 46
7499 69
7500 50
7501 69
7502 50
7503 65
7504 51
7505 19
7506 89
7507 68
7508 51
7509 68
7510 51
7511 87
7512 50
7513 70
7514 75
7515 49
7516 45
7517 67
7518 51
7519 66
7520 50
7521 66
7522 42
7523 66
7524 47
7525 65
7526 51
7527 34
7528 80
7529 68
7530 51
7531 68
7532 51
7533 61
7534 50
7535 84
7536 50
7537 86
7538 69
7539 23
7540 48
7541 65
7542 51
7543 65
7544 50
7545 35
7546 80
7547 66
7548 49
7549 66
7550 51
7551 70
7552 46
7553 70
7554 50
7555 66
7556 51
7557 65
7558 51
7559 34
7560 80
7561 68
7562 51
7563 66
7564 50
7565 87
7566 49
7567 84
7568 69
7569 42
7570 42
7571 65
7572 51
7573 65
7574 51
7575 35
7576 80
7577 69
7578 47
7579 65
7580 51
7581 70
7582 48
7583 69
7584 48
7585 69
7586 51
7587 65
7588 51
7589 34
7590 80
7591 68
7592 51
7593 66
7594 51
7595 84
7596 78
7597 40
7598 24
7599 60
7600 70
7601 59
7602 69
7603 69
7604 42
7605 67
7606 45
7607 71
7608 45
7609 67
7610 50
7611 66
7612 51
7613 60
7614 71
7615 68
7616 43
7617 65
7618 50
7619 65
7620 41
7621 61
7622 46
7623 55
7624 70
7625 62
7626 46
7627 60
7628 67
7629 56
7630 68
7631 59
7632 65
7633 70
7634 33
7635 63
7636 36
7637 60
7638 63
7639 67
7640 40
7641 56
7642 63
7643 56
7644 66
7645 58
7646 66
7647 46
7648 57
7649 70
7650 61
7651 43
7652 69
7653 39
7654 65
7655 41
7656 55
7657 70
7658 59
7659 65
7660 61
7661 39
7662 54
7663 68
7664 71
7665 35
7666 68
7667 43
7668 66
7669 39
7670 57
7671 66
7672 60
7673 65
7674 61
7675 37
7676 54
7677 71
7678 67
7679 41
7680 68
7681 36
7682 65
7683 39
7684 54
7685 66
7686 61
7687 47
7688 62
7689 49
7690 58
7691 70
7692 61
7693 43
7694 60
7695 65
7696 64
7697 40
7698 65
7699 40
7700 65
7701 44
7702 54
7703 70
7704 54
7705 63
7706 61
7707 43
7708 54
7709 71
7710 67
7711 40
7712 68
7713 38
7714 65
7715 39
7716 55
7717 70
7718 60
7719 67
7720 61
7721 39
7722 54
7723 71
7724 71
7725 38
7726 68
7727 43
7728 65
7729 39
7730 55
7731 68
7732 60
7733 67
7734 61
7735 39
7736 54
7737 68
7738 67
7739 41
7740 68
7741 43
7742 65
7743 39
7744 55
7745 68
7746 60
7747 67
7748 61
7749 41
7750 54
7751 70
7752 71
7753 41
7754 68
7755 36
7756 65
7757 39
7758 55
7759 68
7760 61
7761 47
7762 62
7763 49
7764 58
7765 70
7766 61
7767 43
7768 60
7769 65
7770 64
7771 40
7772 65
7773 40
7774 65
7775 39
7776 31
7777 70
7778 56
7779 71
7780 62
7781 43
7782 56
7783 71
7784 63
7785 48
7786 71
7787 39
7788 70
7789 43
7790 58
7791 70
7792 61
7793 47
7794 62
7795 50
7796 60
7797 70
7798 61
7799 43
7800 60
7801 65
7802 64
7803 40
7804 65
7805 40
7806 65
7807 39
7808 54
7809 70
7810 54
7811 63
7812 63
7813 43
7814 54
7815 71
7816 67
7817 40
7818 68
7819 43
7820 65
7821 39
7822 55
7823 70
7824 56
7825 67
7826 61
7827 39
7828 54
7829 71
7830 66
7831 40
7832 68
7833 36
7834 65
7835 39
7836 55
7837 70
7838 60
7839 67
7840 61
7841 39
7842 54
7843 70
7844 71
7845 38
7846 68
7847 43
7848 65
7849 39
7850 55
7851 68
7852 56
7853 67
7854 61
7855 39
7856 54
7857 71
7858 70
7859 41
7860 68
7861 36
7862 66
7863 39
7864 55
7865 69
7866 61
7867 47
7868 62
7869 49
7870 58
7871 70
7872 61
7873 43
7874 60
7875 65
7876 64
7877 40
7878 66
7879 40
7880 65
7881 39
7882 32
7883 70
7884 56
7885 71
7886 68
7887 46
7888 56
7889 71
7890 70
7891 48
7892 70
7893 38
7894 70
7895 46
7896 58
7897 70
7898 61
7899 41
7900 62
7901 40
7902 58
7903 67
7904 61
7905 44
7906 60
7907 65
7908 64
7909 40
7910 66
7911 39
7912 65
7913 39
7914 31
7915 80
7916 56
7917 71
7918 56
7919 63
7920 68
7921 42
7922 61
7923 51
7924 70
7925 49
7926 62
7927 50
7928 61
7929 51
7930 61
7931 51
7932 58
7933 71
7934 66
7935 40
7936 69
7937 47
7938 58
7939 71
7940 64
7941 44
7942 61
7943 43
7944 65
7945 41
7946 54
7947 66
7948 58
7949 63
7950 61
7951 43
7952 54
7953 69
7954 67
7955 37
7956 65
7957 39
7958 68
7959 39
7960 27
7961 66
7962 61
7963 51
7964 62
7965 51
7966 62
7967 51
7968 68
7969 51
7970 62
7971 51
7972 61
7973 51
7974 31
7975 81
7976 68
7977 51
7978 67
7979 50
7980 61
7981 51
7982 80
7983 44
7984 69
7985 50
7986 60
7987 71
7988 60
7989 63
7990 63
7991 39
7992 60
7993 68
7994 71
7995 33
7996 66
7997 39
7998 64
7999 41
8000 55
8001 69
8002 61
8003 46
8004 62
8005 45
8006 58
8007 67
8008 61
8009 43
8010 60
8011 65
8012 64
8013 40
8014 65
8015 39
8016 65
8017 39
8018 16
8019 82
8020 54
8021 71
8022 56
8023 70
8024 68
8025 42
8026 64
8027 51
8028 70
8029 48
8030 61
8031 50
8032 62
8033 50
8034 61
8035 51
8036 61
8037 51
8038 32
8039 81
8040 69
8041 50
8042 68
8043 49
8044 67
8045 51
8046 62
8047 51
8048 63
8049 50
8050 35
8051 81
8052 69
8053 49
8054 68
8055 46
8056 65
8057 51
8058 68
8059 50
8060 63
8061 50
8062 35
8063 89
8064 69
8065 49
8066 68
8067 50
8068 69
8069 51
8070 66
8071 50
8072 87
8073 50
8074 34
8075 80
8076 66
8077 51
8078 66
8079 51
8080 67
8081 51
8082 66
8083 50
8084 68
8085 50
8086 34
8087 80
8088 68
8089 51
8090 68
8091 50
8092 69
8093 51
8094 84
8095 50
8096 68
8097 50
8098 19
8099 80
8100 68
8101 51
8102 68
8103 51
8104 69
8105 51
8106 84
8107 75
8108 45
8109 46
8110 65
8111 51
8112 65
8113 51
8114 29
8115 79
8116 69
8117 49
8118 66
8119 50
8120 32
8121 45
8122 87
8123 79
8124 60
8125 70
8126 61
8127 49
8128 69
8129 51
8130 70
8131 46
8132 69
8133 45
8134 66
8135 51
8136 65
8137 51
8138 60
8139 71
8140 68
8141 43
8142 56
8143 71
8144 57
8145 61
8146 58
8147 63
8148 65
8149 39
8150 69
8151 40
8152 63
8153 45
8154 59
8155 66
8156 66
8157 42
8158 58
8159 65
8160 56
8161 71
8162 66
8163 38
8164 66
8165 41
8166 67
8167 42
8168 61
8169 42
8170 28
8171 80
8172 66
8173 46
8174 60
8175 71
8176 63
8177 47
8178 63
8179 44
8180 71
8181 43
8182 58
8183 71
8184 58
8185 59
8186 61
8187 69
8188 42
8189 71
8190 47
8191 59
8192 71
8193 70
8194 38
8195 61
8196 37
8197 66
8198 41
8199 55
8200 68
8201 60
8202 65
8203 61
8204 37
8205 54
8206 71
8207 69
8208 36
8209 68
8210 36
8211 65
8212 39
8213 54
8214 66
8215 61
8216 47
8217 62
8218 49
8219 57
8220 70
8221 64
8222 43
8223 60
8224 65
8225 64
8226 45
8227 64
8228 40
8229 65
8230 39
8231 54
8232 70
8233 54
8234 67
8235 61
8236 43
8237 54
8238 71
8239 67
8240 41
8241 68
8242 36
8243 65
8244 39
8245 55
8246 70
8247 60
8248 67
8249 61
8250 39
8251 54
8252 71
8253 71
8254 37
8255 68
8256 43
8257 66
8258 39
8259 55
8260 68
8261 56
8262 67
8263 65
8264 39
8265 54
8266 71
8267 70
8268 41
8269 68
8270 36
8271 68
8272 39
8273 55
8274 68
8275 61
8276 47
8277 62
8278 45
8279 58
8280 70
8281 61
8282 43
8283 60
8284 65
8285 64
8286 40
8287 65
8288 39
8289 65
8290 44
8291 31
8292 70
8293 56
8294 71
8295 62
8296 49
8297 55
8298 71
8299 70
8300 50
8301 70
8302 37
8303 68
8304 49
8305 59
8306 70
8307 70
8308 45
8309 62
8310 40
8311 61
8312 46
8313 65
8314 42
8315 54
8316 71
8317 58
8318 70
8319 67
8320 39
8321 63
8322 45
8323 58
8324 66
8325 66
8326 38
8327 54
8328 71
8329 64
8330 41
8331 60
8332 64
8333 62
8334 42
8335 69
8336 36
8337 62
8338 42
8339 34
8340 67
8341 56
8342 69
8343 56
8344 71
8345 44
8346 62
8347 51
8348 66
8349 51
8350 58
8351 71
8352 66
8353 47
8354 68
8355 40
8356 56
8357 64
8358 61
8359 44
8360 61
8361 43
8362 65
8363 41
8364 58
8365 66
8366 58
8367 67
8368 61
8369 42
8370 54
8371 69
8372 68
8373 37
8374 68
8375 39
8376 67
8377 39
8378 30
8379 76
8380 30
8381 36
8382 32
8383 77
8384 81
8385 71
8386 43
8387 66
8388 45
8389 68
8390 51
8391 66
8392 49
8393 61
8394 51
8395 32
8396 81
8397 70
8398 49
8399 68
8400 46
8401 67
8402 51
8403 67
8404 49
8405 62
8406 51
8407 35
8408 89
8409 69
8410 49
8411 68
8412 47
8413 70
8414 51
8415 68
8416 50
8417 63
8418 50
8419 35
8420 89
8421 69
8422 49
8423 68
8424 50
8425 70
8426 51
8427 68
8428 50
8429 68
8430 69
8431 40
8432 48
8433 69
8434 48
8435 74
8436 45
8437 39
8438 94
8439 77
8440 47
8441 45
8442 80
8443 40
8444 68
8445 66
8446 51
8447 71
8448 45
8449 71
8450 46
8451 71
8452 49
8453 76
8454 50
8455 75
8456 70
8457 21
8458 45
8459 76
8460 40
8461 67
8462 25
8463 78
8464 50
8465 75
8466 25
8467 48
8468 88
8469 75
8470 72
8471 49
8472 47
8473 75
8474 47
8475 76
8476 50
8477 79
8478 49
8479 75
8480 71
8481 38
8482 50
8483 75
8484 64
8485 46
8486 71
8487 38
8488 48
8489 75
8490 45
8491 80
8492 46
8493 76
8494 48
8495 75
8496 69
8497 41
8498 49
8499 60
8500 70
8501 67
8502 50
8503 66
8504 49
8505 66
8506 43
8507 67
8508 51
8509 58
8510 70
8511 63
8512 45
8513 62
8514 44
8515 32
8516 70
8517 65
8518 51
8519 65
8520 47
8521 87
8522 49
8523 61
8524 51
8525 69
8526 49
8527 59
8528 71
8529 66
8530 51
8531 68
8532 45
8533 69
8534 41
8535 53
8536 71
8537 61
8538 49
8539 60
8540 71
8541 56
8542 71
8543 58
8544 63
8545 63
8546 34
8547 66
8548 45
8549 62
8550 49
8551 62
8552 50
8553 61
8554 51
8555 32
8556 81
8557 69
8558 50
8559 68
8560 44
8561 70
8562 50
8563 62
8564 51
8565 63
8566 50
8567 61
8568 51
8569 35
8570 81
8571 69
8572 49
8573 68
8574 47
8575 69
8576 51
8577 62
8578 51
8579 63
8580 50
8581 35
8582 89
8583 69
8584 49
8585 68
8586 47
8587 69
8588 51
8589 68
8590 50
8591 83
8592 68
8593 37
8594 47
8595 66
8596 50
8597 65
8598 51
8599 65
8600 50
8601 36
8602 78
8603 70
8604 51
8605 66
8606 50
8607 30
8608 87
8609 39
8610 41
8611 67
8612 94
8613 87
8614 50
8615 43
8616 34
8617 90
8618 77
8619 41
8620 90
8621 32
8622 75
8623 38
8624 80
8625 50
8626 76
8627 47
8628 74
8629 51
8630 74
8631 51
8632 31
8633 80
8634 75
8635 51
8636 80
8637 74
8638 44
8639 41
8640 75
8641 45
8642 68
8643 40
8644 76
8645 50
8646 39
8647 80
8648 76
8649 51
8650 85
8651 48
8652 78
8653 51
8654 84
8655 71
8656 22
8657 25
8658 74
8659 40
8660 40
8661 80
8662 75
8663 50
8664 76
8665 23
8666 79
8667 51
8668 77
8669 48
8670 76
8671 51
8672 65
8673 51
8674 65
8675 51
8676 57
8677 71
8678 59
8679 69
8680 69
8681 35
8682 62
8683 50
8684 67
8685 50
8686 62
8687 50
8688 61
8689 50
8690 32
8691 81
8692 69
8693 50
8694 68
8695 47
8696 69
8697 51
8698 67
8699 50
8700 62
8701 50
8702 35
8703 89
8704 69
8705 49
8706 68
8707 50
8708 69
8709 51
8710 68
8711 50
8712 63
8713 50
8714 34
8715 89
8716 69
8717 50
8718 68
8719 50
8720 69
8721 51
8722 68
8723 50
8724 83
8725 69
8726 37
8727 47
8728 65
8729 50
8730 74
8731 49
8732 40
8733 92
8734 74
8735 43
8736 76
8737 74
8738 73
8739 39
8740 45
8741 21
8742 77
8743 49
8744 77
8745 24
8746 92
8747 90
8748 22
8749 79
8750 49
8751 49
8752 78
8753 51
8754 76
8755 49
8756 76
8757 45
8758 77
8759 50
8760 76
8761 69
8762 40
8763 47
8764 79
8765 48
8766 76
8767 49
8768 74
8769 68
8770 46
8771 76
8772 42
8773 26
8774 75
8775 89
8776 35
8777 47
8778 76
8779 23
8780 79
8781 45
8782 80
8783 51
8784 77
8785 50
8786 76
8787 51
8788 75
8789 70
8790 20
8791 48
8792 76
8793 40
8794 75
8795 26
8796 92
8797 68
8798 48
8799 49
8800 76
8801 78
8802 42
8803 51
8804 74
8805 45
8806 80
8807 51
8808 74
8809 48
8810 77
8811 71
8812 39
8813 50
8814 75
8815 40
8816 41
8817 88
8818 63
8819 50
8820 77
8821 24
8822 80
8823 49
8824 75
8825 76
8826 49
8827 45
8828 76
8829 50
8830 76
8831 49
8832 75
8833 48
8834 75
8835 25
8836 64
8837 51
8838 62
8839 51
8840 74
8841 76
8842 35
8843 51
8844 74
8845 44
8846 74
8847 41
8848 40
8849 98
8850 75
8851 38
8852 45
8853 98
8854 40
8855 81
8856 45
8857 65
8858 69
8859 45
8860 80
8861 48
8862 79
8863 51
8864 67
8865 49
8866 75
8867 50
8868 76
8869 51
8870 35
8871 80
8872 70
8873 50
8874 68
8875 50
8876 69
8877 49
8878 76
8879 51
8880 61
8881 50
8882 65
8883 51
8884 34
8885 89
8886 68
8887 50
8888 68
8889 50
8890 69
8891 50
8892 67
8893 50
8894 76
8895 69
8896 37
8897 50
8898 75
8899 26
8900 77
8901 26
8902 22
8903 94
8904 43
8905 79
8906 77
8907 49
8908 74
8909 50
8910 79
8911 50
8912 77
8913 67
8914 42
8915 45
8916 79
8917 51
8918 78
8919 50
8920 74
8921 50
8922 22
8923 79
8924 79
8925 50
8926 31
8927 79
8928 74
8929 51
8930 95
8931 49
8932 90
8933 51
8934 68
8935 48
8936 67
8937 51
8938 65
8939 50
8940 65
8941 51
8942 57
8943 71
8944 67
8945 49
8946 68
8947 40
8948 60
8949 71
8950 66
8951 50
8952 61
8953 44
8954 69
8955 41
8956 63
8957 42
8958 17
8959 80
8960 62
8961 51
8962 36
8963 87
8964 33
8965 82
8966 65
8967 50
8968 89
8969 39
8970 69
8971 46
8972 68
8973 48
8974 67
8975 49
8976 67
8977 50
8978 35
8979 79
8980 70
8981 47
8982 69
8983 51
8984 69
8985 49
8986 67
8987 50
8988 61
8989 50
8990 34
8991 89
8992 69
8993 48
8994 68
8995 50
8996 69
8997 51
8998 66
8999 50
9000 68
9001 50
9002 34
9003 89
9004 68
9005 50
9006 68
9007 50
9008 69
9009 51
9010 68
9011 50
9012 82
9013 69
9014 37
9015 50
9016 74
9017 40
9018 74
9019 70
9020 71
9021 51
9022 19
9023 49
9024 75
9025 74
9026 22
9027 50
9028 92
9029 26
9030 80
9031 47
9032 80
9033 48
9034 77
9035 49
9036 75
9037 72
9038 37
9039 50
9040 75
9041 26
9042 77
9043 47
9044 76
9045 48
9046 76
9047 71
9048 68
9049 50
9050 35
9051 48
9052 77
9053 50
9054 75
9055 75
9056 35
9057 50
9058 69
9059 75
9060 41
9061 50
9062 63
9063 39
9064 75
9065 23
9066 79
9067 51
9068 75
9069 49
9070 76
9071 51
9072 39
9073 80
9074 76
9075 51
9076 85
9077 48
9078 78
9079 51
9080 40
9081 62
9082 67
9083 49
9084 77
9085 79
9086 39
9087 49
9088 77
9089 47
9090 76
9091 25
9092 78
9093 24
9094 62
9095 49
9096 74
9097 51
9098 74
9099 90
9100 40
9101 48
9102 76
9103 50
9104 75
9105 26
9106 76
9107 24
9108 44
9109 88
9110 80
9111 51
9112 59
9113 71
9114 69
9115 50
9116 67
9117 49
9118 71
9119 49
9120 67
9121 49
9122 66
9123 51
9124 65
9125 51
9126 31
9127 80
9128 68
9129 50
9130 68
9131 48
9132 67
9133 51
9134 68
9135 50
9136 62
9137 50
9138 31
9139 89
9140 68
9141 50
9142 68
9143 51
9144 69
9145 51
9146 62
9147 50
9148 87
9149 49
9150 60
9151 71
9152 59
9153 67
9154 65
9155 38
9156 69
9157 51
9158 64
9159 44
9160 63
9161 49
9162 62
9163 50
9164 61
9165 51
9166 32
9167 81
9168 69
9169 50
9170 68
9171 50
9172 69
9173 51
9174 62
9175 51
9176 63
9177 50
9178 35
9179 81
9180 69
9181 49
9182 68
9183 49
9184 67
9185 51
9186 68
9187 50
9188 48
9189 62
9190 69
9191 51
9192 36
9193 77
9194 58
9195 71
9196 68
9197 49
9198 71
9199 41
9200 67
9201 51
9202 70
9203 48
9204 62
9205 50
9206 61
9207 51
9208 34
9209 81
9210 70
9211 49
9212 68
9213 47
9214 69
9215 51
9216 66
9217 50
9218 63
9219 50
9220 34
9221 89
9222 69
9223 49
9224 68
9225 51
9226 69
9227 51
9228 62
9229 51
9230 87
9231 48
9232 60
9233 70
9234 59
9235 67
9236 63
9237 38
9238 65
9239 51
9240 64
9241 50
9242 63
9243 49
9244 62
9245 50
9246 35
9247 81
9248 69
9249 47
9250 68
9251 47
9252 69
9253 51
9254 62
9255 51
9256 63
9257 49
9258 35
9259 81
9260 69
9261 47
9262 68
9263 47
9264 69
9265 51
9266 62
9267 50
9268 83
9269 48
9270 34
9271 80
9272 67
9273 51
9274 68
9275 50
9276 66
9277 50
9278 66
9279 50
9280 68
9281 50
9282 34
9283 80
9284 68
9285 51
9286 68
9287 50
9288 69
9289 51
9290 84
9291 75
9292 42
9293 25
9294 65
9295 51
9296 29
9297 80
9298 66
9299 50
9300 67
9301 45
9302 71
9303 47
9304 70
9305 47
9306 70
9307 49
9308 74
9309 51
9310 65
9311 51
9312 19
9313 80
9314 68
9315 51
9316 68
9317 51
9318 69
9319 51
9320 68
9321 50
9322 69
9323 69
9324 37
9325 48
9326 66
9327 40
9328 66
9329 47
9330 65
9331 50
9332 40
9333 76
9334 87
9335 51
9336 66
9337 51
9338 60
9339 70
9340 68
9341 50
9342 69
9343 47
9344 69
9345 41
9346 66
9347 49
9348 56
9349 70
9350 62
9351 46
9352 35
9353 71
9354 58
9355 70
9356 60
9357 71
9358 70
9359 36
9360 69
9361 47
9362 63
9363 51
9364 61
9365 50
9366 62
9367 50
9368 61
9369 51
9370 32
9371 81
9372 69
9373 50
9374 68
9375 50
9376 69
9377 51
9378 62
9379 51
9380 63
9381 50
9382 35
9383 81
9384 69
9385 49
9386 68
9387 47
9388 69
9389 51
9390 67
9391 50
9392 37
9393 41
9394 87
9395 92
9396 66
9397 51
9398 63
9399 51
9400 36
9401 89
9402 69
9403 48
9404 65
9405 49
9406 70
9407 46
9408 69
9409 51
9410 69
9411 50
9412 65
9413 51
9414 65
9415 51
9416 29
9417 80
9418 68
9419 51
9420 60
9421 70
9422 69
9423 51
9424 71
9425 39
9426 70
9427 49
9428 59
9429 68
9430 59
9431 71
9432 64
9433 37
9434 61
9435 51
9436 70
9437 42
9438 69
9439 42
9440 58
9441 66
9442 63
9443 43
9444 60
9445 64
9446 56
9447 71
9448 61
9449 36
9450 71
9451 34
9452 61
9453 41
9454 61
9455 43
9456 58
9457 66
9458 61
9459 46
9460 55
9461 69
9462 57
9463 69
9464 65
9465 36
9466 66
9467 42
9468 62
9469 44
9470 36
9471 66
9472 71
9473 38
9474 62
9475 51
9476 63
9477 51
9478 62
9479 51
9480 66
9481 49
9482 61
9483 51
9484 57
9485 71
9486 65
9487 42
9488 65
9489 51
9490 63
9491 41
9492 62
9493 42
9494 30
9495 62
9496 59
9497 71
9498 59
9499 63
9500 66
9501 40
9502 58
9503 71
9504 66
9505 44
9506 71
9507 39
9508 64
9509 41
9510 57
9511 68
9512 60
9513 67
9514 64
9515 41
9516 54
9517 68
9518 71
9519 36
9520 66
9521 43
9522 65
9523 40
9524 57
9525 62
9526 56
9527 67
9528 61
9529 39
9530 54
9531 71
9532 64
9533 45
9534 68
9535 36
9536 67
9537 39
9538 55
9539 68
9540 61
9541 47
9542 62
9543 49
9544 60
9545 70
9546 61
9547 43
9548 60
9549 65
9550 64
9551 40
9552 65
9553 39
9554 65
9555 39
9556 31
9557 70
9558 56
9559 71
9560 62
9561 46
9562 55
9563 71
9564 67
9565 48
9566 70
9567 37
9568 70
9569 46
9570 58
9571 70
9572 68
9573 47
9574 62
9575 45
9576 61
9577 47
9578 65
9579 42
9580 54
9581 71
9582 58
9583 70
9584 67
9585 39
9586 63
9587 45
9588 58
9589 66
9590 66
9591 38
9592 54
9593 71
9594 64
9595 41
9596 60
9597 64
9598 62
9599 46
9600 69
9601 38
9602 64
9603 42
9604 57
9605 67
9606 55
9607 69
9608 55
9609 69
9610 45
9611 59
9612 70
9613 60
9614 57
9615 67
9616 61
9617 56
9618 59
9619 65
9620 63
9621 64
9622 36
9623 60
9624 63
9625 60
9626 64
9627 57
9628 60
9629 71
9630 60
9631 55
9632 63
9633 63
9634 68
9635 44
9636 63
9637 37
9638 62
9639 49
9640 57
9641 69
9642 61
9643 38
9644 61
9645 45
9646 60
9647 66
9648 66
9649 43
9650 57
9651 67
9652 63
9653 41
9654 64
9655 44
9656 84
9657 19
9658 32
9659 69
9660 55
9661 65
9662 54
9663 71
9664 56
9665 71
9666 60
9667 56
9668 64
9669 68
9670 38
9671 70
9672 48
9673 59
9674 71
9675 66
9676 39
9677 61
9678 46
9679 66
9680 41
9681 54
9682 70
9683 58
9684 71
9685 58
9686 59
9687 58
9688 71
9689 66
9690 57
9691 64
9692 60
9693 63
9694 61
9695 34
9696 66
9697 47
9698 61
9699 48
9700 59
9701 70
9702 66
9703 38
9704 57
9705 63
9706 58
9707 70
9708 58
9709 58
9710 62
9711 67
9712 63
9713 37
9714 63
9715 41
9716 59
9717 68
9718 68
9719 47
9720 56
9721 60
9722 58
9723 68
9724 57
9725 60
9726 64
9727 62
9728 59
9729 58
9730 63
9731 62
9732 61
9733 41
9734 63
9735 40
9736 58
9737 68
9738 64
9739 47
9740 61
9741 45
9742 65
9743 41
9744 58
9745 62
9746 54
9747 67
9748 61
9749 47
9750 55
9751 71
9752 66
9753 48
9754 69
9755 34
9756 68
9757 45
9758 57
9759 67
9760 62
9761 42
9762 60
9763 65
9764 56
9765 70
9766 58
9767 55
9768 63
9769 61
9770 51
9771 64
9772 47
9773 66
9774 46
9775 58
9776 70
9777 62
9778 45
9779 57
9780 65
9781 58
9782 69
9783 58
9784 63
9785 63
9786 34
9787 71
9788 39
9789 60
9790 65
9791 68
9792 38
9793 57
9794 65
9795 59
9796 69
9797 57
9798 63
9799 63
9800 34
9801 71
9802 41
9803 62
9804 48
9805 60
9806 68
9807 66
9808 38
9809 57
9810 67
9811 56
9812 70
9813 59
9814 56
9815 61
9816 68
9817 43
9818 64
9819 47
9820 65
9821 49
9822 58
9823 69
9824 65
9825 39
9826 61
9827 45
9828 59
9829 66
9830 61
9831 38
9832 57
9833 65
9834 63
9835 41
9836 64
9837 40
9838 67
9839 37
9840 31
9841 79
9842 54
9843 69
9844 56
9845 70
9846 62
9847 42
9848 61
9849 51
9850 67
9851 49
9852 62
9853 50
9854 62
9855 50
9856 61
9857 51
9858 32
9859 81
9860 69
9861 50
9862 68
9863 46
9864 65
9865 51
9866 68
9867 50
9868 63
9869 50
9870 35
9871 71
9872 69
9873 50
9874 68
9875 51
9876 69
9877 51
9878 61
9879 50
9880 66
9881 50
9882 31
9883 89
9884 69
9885 51
9886 68
9887 51
9888 66
9889 51
9890 80
9891 75
9892 42
9893 24
9894 65
9895 50
9896 65
9897 50
9898 26
9899 79
9900 85
9901 25
9902 31
9903 95
9904 29
9905 78
9906 66
9907 51
9908 71
9909 45
9910 71
9911 47
9912 71
9913 47
9914 70
9915 49
9916 67
9917 49
9918 66
9919 51
9920 65
9921 51
9922 34
9923 89
9924 68
9925 50
9926 68
9927 50
9928 69
9929 50
9930 67
9931 50
9932 35
9933 76
9934 37
9935 63
9936 69
9937 50
9938 36
9939 78
9940 69
9941 49
9942 86
9943 49
9944 80
9945 46
9946 74
9947 51
9948 66
9949 50
9950 65
9951 70
9952 40
9953 47
9954 78
9955 48
9956 74
9957 49
9958 75
9959 69
9960 41
9961 47
9962 76
9963 76
9964 42
9965 72
9966 37
9967 47
9968 76
9969 25
9970 79
9971 47
9972 78
9973 51
9974 75
9975 50
9976 45
9977 77
9978 90
9979 45
9980 78
9981 51
9982 78
9983 51
9984 75
9985 85
9986 39
9987 24
9988 75
9989 50
9990 60
9991 70
9992 66
9993 47
9994 66
9995 43
9996 71
9997 49
9998 68
9999 49
10000 65
